   -0.03689916
   -0.03735671
    0.00446731
   -0.03649597
    0.00393354
    0.00095116
   -0.03649592
   -0.03735675
    0.00393352
   -0.03689920
    0.00446729
    0.00095116
   -0.03711095
    0.00168115
   -0.00070089
   -0.04484679
   -0.00026861
   -0.04492804
   -0.02982262
    0.00636505
    0.00124536
   -0.00042259
    0.01241771
    0.00089264
   -0.00061827
    0.01181926
    0.00066908
    0.01232285
   -0.02982262
    0.00636507
    0.01241777
    0.00124535
    0.00089265
    0.01181933
   -0.00042257
   -0.00061829
    0.00066906
    0.01232283
   -0.03711087
    0.00168116
   -0.04484655
   -0.00070092
   -0.00026867
   -0.04492780
   -0.00065486
    0.01181929
   -0.03735668
   -0.00070367
   -0.04484638
   -0.00033473
    0.00168114
    0.00066905
    0.00393356
   -0.00115379
    0.00089264
   -0.00041907
    0.01241774
   -0.00070366
   -0.03711075
   -0.00061828
   -0.03649574
   -0.00007806
    0.00124535
   -0.00115378
    0.00636507
   -0.00065487
   -0.02982264
   -0.00042256
   -0.04492782
    0.00446732
   -0.00026871
   -0.03689915
   -0.00070086
    0.00095116
   -0.00065488
    0.01181945
   -0.03735675
   -0.00115377
    0.00089266
   -0.00007810
    0.00124537
   -0.04492797
    0.00446730
   -0.00070367
   -0.04484686
   -0.00041911
    0.01241788
   -0.00115378
    0.00636508
   -0.00026864
   -0.03689915
   -0.00033474
    0.00168111
   -0.00070367
   -0.03711099
   -0.00065488
   -0.02982258
   -0.00070095
    0.00066910
    0.00393352
   -0.00061831
   -0.03649607
   -0.00042260
    0.00095117
    0.03272916
    0.03299226
    0.03244848
    0.03244843
    0.03299223
    0.03272915
    0.03099532
    0.03165983
    0.03151339
    0.02945659
    0.02945658
    0.03099529
    0.03165979
    0.03151340
    0.03299223
    0.03165965
    0.03099517
    0.03244819
    0.02945669
    0.03151330
    0.03272917
    0.03299223
    0.03151340
    0.03165980
    0.03272911
    0.03099532
    0.02945650
    0.03244843
