           1           8   1.48189066980477     
           3           8   1.34246833611457     
           1           9   1.35084343096545     
           2          10   1.48189074670496     
           5          10   1.35084312619426     
           2          11   1.34246851200221     
           3          11   1.14718487704183     
           6          11   1.27658988820976     
           3          12   1.27659014285728     
           4          19   1.38593443765874     
          13          19   1.50393946656961     
           4          20   1.38491869578586     
           5          20   1.13295685324567     
          14          20   1.27118315708121     
           5          21   1.27543104436216     
           6          21   1.24964781748126     
          15          21   1.23044389832929     
           6          22   1.22647116399402     
          13          23   1.27300024422377     
          14          23   1.21713678658393     
          16          23   1.33314152843444     
          14          24   1.24123490650577     
          15          24   1.21664379580019     
          17          24   1.29799482995429     
          15          25   1.28551718533622     
          16          26   1.33539764835142     
          17          26   1.17462193559244     
          18          26   1.31926504780404     
          17          27   1.25348393253270     
          18          28   1.33092094737434     
           7          29   1.38593439207803     
           7          30   1.38491853024927     
           9          30   1.13295679936463     
           9          32   1.27543072254330     
          12          32   1.24964779466047     
          12          35   1.22647095318057     
          22          35   1.23346980740165     
          29          39   1.50393938406458     
          31          39   1.27300044059815     
          30          40   1.27118348703320     
          31          40   1.21713656894150     
          33          40   1.24123471845826     
          31          41   1.33314159442831     
          34          41   1.33539782698751     
          32          42   1.23044420805935     
          33          42   1.21664372554231     
          36          42   1.28551690373896     
          33          43   1.29799517246741     
          34          43   1.17462173100401     
          37          43   1.25348374757171     
          34          44   1.31926514375353     
          38          44   1.33092110426673     
          22          45   1.28144095148275     
          25          45   1.21549255055433     
          25          54   1.24780746389500     
          27          54   1.22919023675626     
          27          62   1.27561065338932     
          28          62   1.16835621323262     
          28          69   1.33092164171029     
          35          75   1.28144115345575     
          36          75   1.21549249692651     
          48          75   1.24699913681779     
          49          76   1.33539808743212     
          69          76   1.31926512791044     
          71          76   1.17462155982268     
          70          77   1.34246856186986     
          72          77   1.48189041205407     
          36          78   1.24780772358049     
          37          78   1.22919012616717     
          50          78   1.26302528104474     
          51          79   1.24123501537510     
          71          79   1.29799509403474     
          73          79   1.21664376686666     
          37          80   1.27561089796182     
          38          80   1.16835619216084     
          52          80   1.27561073192024     
          53          81   1.27543102915073     
          73          81   1.23044401275641     
          74          81   1.24964780814957     
          38          82   1.33092150273717     
          46          82   1.31926481820752     
          47          83   1.34246861678385     
          70          83   1.14718477278477     
          74          83   1.27659000702647     
          45          84   1.24699925271374     
          48          84   1.23950099333677     
          56          84   1.25962827776203     
          46          85   1.33539799260945     
          57          85   1.33314147558890     
          48          86   1.25962838795729     
          50          86   1.22068918513805     
          58          86   1.25962825831125     
          49          87   1.33314222297638     
          51          87   1.21713631626286     
          59          87   1.27300021053601     
          50          88   1.26302547411419     
          52          88   1.22919017447197     
          60          88   1.24780752125639     
          51          89   1.27118331920223     
          53          89   1.13295644691789     
          61          89   1.38491907061743     
          46          90   1.17462183893170     
          52          90   1.25348382990848     
          55          90   1.29799496428222     
          47          91   1.48189054790711     
          53          91   1.35084338964596     
          54          92   1.26302537866311     
          56          92   1.22068929448506     
          64          92   1.26302533832573     
          55          93   1.24123485910877     
          57          93   1.21713664165722     
          65          93   1.27118323015361     
          56          94   1.25962829185071     
          58          94   1.23950109293232     
          66          94   1.24699913774544     
          57          95   1.27300048351284     
          67          95   1.50393943227449     
          58          96   1.24699918329964     
          60          96   1.21549256163069     
          68          96   1.28144102009779     
          59          97   1.50393954348697     
          61          97   1.38593430734165     
          55          98   1.21664374933871     
          60          98   1.28551702420643     
          63          98   1.23044414937539     
          62          99   1.27561093656638     
          64          99   1.22919025891977     
          71          99   1.25348383511142     
          63         100   1.27543056050578     
          65         100   1.13295686364977     
          72         100   1.35084364524649     
          64         101   1.24780749005418     
          66         101   1.21549261611780     
          73         101   1.28551706257830     
          65         102   1.38491875704751     
          67         102   1.38593421157924     
          66         103   1.28144103601856     
          68         103   1.23346989080633     
          74         103   1.22647102025325     
          63         104   1.24964793793538     
          68         104   1.22647100733353     
          70         104   1.27658997907578     
           1         105  0.960638805633362     
           2         106  0.959939017689802     
           4         107  0.962001576706972     
           7         108  0.962001607550435     
           8         109  0.959939045250762     
          10         110  0.960638841091798     
          13         111  0.968776929965807     
          16         112  0.966223432969128     
          18         113  0.966285568717531     
          19         114  0.970230311544117     
          29         115  0.970230350504893     
          39         116  0.968776915121529     
          41         117  0.966223402508144     
          44         118  0.966285549438599     
          47         119  0.959939038081581     
          49         120  0.966223218329783     
          59         121  0.968776845620970     
          61         122  0.962001614095560     
          67         123  0.970230355966577     
          69         124  0.966285448535070     
          72         125  0.960638770236522     
          77         126  0.959939065390967     
          82         127  0.966285522877598     
          85         128  0.966223356211288     
          91         129  0.960638930096932     
          95         130  0.968776883138951     
          97         131  0.970230267260529     
         102         132  0.962001549253244     
