   -0.03567358
   -0.02943034
    0.00712227
   -0.03650615
    0.00590015
   -0.03337390
    0.00365802
   -0.03619193
    0.00258220
    0.00100479
   -0.03423468
    0.00414986
    0.00216502
    0.00435745
   -0.04104334
   -0.02937247
    0.00573999
    0.00388331
    0.00207419
    0.00566437
    0.00213200
    0.00116602
    0.00389885
    0.00108273
    0.01116318
   -0.03215257
   -0.00505037
   -0.00000116
    0.00141617
    0.00042906
    0.00705752
    0.00281719
    0.00051294
    0.00088701
    0.01113674
   -0.02194360
    0.01129402
    0.00044032
    0.00426728
   -0.04188679
    0.00252555
    0.00419094
   -0.03436582
   -0.00218308
   -0.04475599
   -0.00026224
    0.00681848
    0.00120190
    0.00407700
    0.00122994
    0.00217150
    0.00074344
    0.00544743
   -0.00013633
   -0.02794515
    0.00021187
   -0.00003848
    0.00197450
    0.00050909
    0.00636514
    0.00016990
   -0.02993814
    0.00073458
   -0.04466418
    0.00511689
    0.00091000
   -0.03673448
   -0.00042937
    0.00203640
    0.00042828
    0.01180064
   -0.03656171
    0.00082077
   -0.00041151
   -0.00087174
    0.00122143
   -0.04186918
    0.00576871
    0.00028255
    0.00062701
    0.01232644
    0.00061936
   -0.00159868
    0.00290970
   -0.03467040
   -0.00046041
    0.00504379
    0.00009861
   -0.03410816
    0.00017988
   -0.03091217
   -0.00050444
    0.00127633
    0.00475253
   -0.00012837
   -0.03707440
   -0.00036033
    0.00172822
    0.05858797
    0.03532290
    0.03701460
    0.05006965
    0.03481768
    0.03662173
    0.03683933
    0.03790621
    0.03398399
    0.04506018
    0.03804785
    0.05255163
    0.03723060
    0.03648143
    0.03190908
    0.03337706
    0.04919497
    0.03355826
    0.03370720
    0.03533408
    0.03515972
    0.03683876
    0.05400008
    0.03601490
    0.04285946
    0.03687006
    0.05001705
    0.04906217
   -0.08145517
   -0.10103530
   -0.08546539
   -0.03760538
   -0.11270352
   -0.09664965
