           1           6   1.61823352355633     
           3           6   1.22547451645708     
           1           7   1.21006908344929     
           2           8   1.56888776018262     
           5           8   1.18708785020795     
           2           9   1.26942445066979     
           3           9   1.31238036336476     
           3          10   1.18828883128014     
           4          16   1.48921683405521     
          11          16   1.38193930325315     
           4          17   1.33355928357583     
           5          17   1.15544639011956     
          12          17   1.27406787336710     
           5          18   1.41128152817370     
          13          18   1.21614947115267     
          11          20   1.44622244081656     
          12          20   1.28410685669070     
          12          21   1.18201019065870     
          13          21   1.31351605825660     
          14          21   1.21878598170538     
          13          22   1.19987342077360     
          14          23   1.22292813333547     
          15          23   1.52451990480436     
          14          24   1.28428428413486     
          15          25   1.25450825866660     
           7          27   1.37227890469027     
           7          29   1.18863631404202     
          10          29   1.36235785348774     
          10          32   1.16072728101998     
          19          32   1.33829595726419     
          26          36   1.68450520349017     
          28          36   1.20110340811941     
          27          37   1.23538791224274     
          28          37   1.37883877051651     
          30          37   1.13355738197673     
          29          38   1.19194390848004     
          30          38   1.33168584708057     
          33          38   1.22404269403007     
          30          39   1.24461076020408     
          31          39   1.21147346154619     
          34          39   1.26822015856326     
          31          40   1.51653594188404     
          35          40   1.26308419512005     
          19          41   1.28322707641957     
          22          41   1.18269628144039     
          22          50   1.32591813846193     
          24          50   1.20926973558349     
          24          57   1.25070053208193     
          25          57   1.23093223574742     
          25          64   1.32305027096491     
          32          70   1.23945276533220     
          33          70   1.23618903475773     
          44          70   1.26177069112753     
          45          71   1.21570836820606     
          64          71   1.39858685569880     
          66          71   1.20398533215912     
          65          72   1.29437433154753     
          67          72   1.54050776655849     
          33          73   1.27992111115448     
          34          73   1.23731005501033     
          46          73   1.22682534065533     
          47          74   1.21758677932282     
          66          74   1.25209121873503     
          68          74   1.27197448459462     
          34          75   1.24186548464506     
          35          75   1.25534465234013     
          48          75   1.24342102900993     
          49          76   1.25516080605335     
          68          76   1.25271393071495     
          69          76   1.23934217966497     
          35          77   1.27340086214281     
          42          77   1.50698137223751     
          43          78   1.26668701065723     
          65          78   1.18591846342896     
          69          78   1.29703514251009     
          41          79   1.26109846919252     
          44          79   1.25123952122614     
          52          79   1.22762937170407     
          44          80   1.23153433501389     
          46          80   1.27615090156647     
          54          80   1.23771891610302     
          45          81   1.54539467872769     
          47          81   1.14632417154176     
          55          81   1.12664705664162     
          46          82   1.23816786058722     
          48          82   1.22925926419430     
          56          82   1.27726390519488     
          47          83   1.38480957687955     
          49          83   1.26147737804407     
          42          84   1.22709281278566     
          48          84   1.27578021623269     
          51          84   1.22331342773807     
          43          85   1.57625309636212     
          49          85   1.25562855811214     
          50          86   1.21473555515297     
          52          86   1.27364657600824     
          59          86   1.24997314268861     
          51          87   1.17115982683119     
          53          87   1.28573412268681     
          60          87   1.28566594663819     
          52          88   1.24132769581041     
          54          88   1.23931846782906     
          61          88   1.26417544775461     
          53          89   1.44740001909945     
          62          89   1.38128500377956     
          54          90   1.26790753571892     
          56          90   1.24052642154143     
          63          90   1.23496105112062     
          55          91   1.76903333717437     
          51          92   1.32670794049887     
          56          92   1.22550885945552     
          58          92   1.19571518136436     
          57          93   1.25461663615865     
          59          93   1.21934802820014     
          66          93   1.27913047903426     
          58          94   1.30917237886868     
          60          94   1.15391028828161     
          67          94   1.29644332178674     
          59          95   1.27674280456510     
          61          95   1.24222351067914     
          68          95   1.22423583977584     
          53          96  0.100674060581348     
          60          96   1.33307812031759     
          62          96   1.49166330662597     
          61          97   1.23985314992417     
          63          97   1.28542061735497     
          69          97   1.21733137475633     
          58          98   1.24884979123848     
          63          98   1.22253001011351     
          65          98   1.28099659957578     
           1          99  0.926592125032963     
           2         100  0.954491760800898     
           4         101  0.961414423547354     
           6         103  0.962576113217241     
           8         104  0.962231325532883     
          11         105  0.960953841852541     
          15         106  0.957013602292968     
          16         107  0.969012498007131     
          26         108  0.949097909889041     
          36         109  0.947162161794655     
          40         111  0.957952892162837     
          43         112  0.959672558095074     
          45         113  0.964497179110670     
          55         114  0.959343866975743     
          62         116  0.969000808891273     
          64         117  0.965666429350955     
          67         118  0.960491738081414     
          72         119  0.960057865939151     
          77         120  0.958126913168070     
          85         121  0.935663969272673     
          89         122  0.961225895569485     
          91         123  0.950574954115501     
          96         124  0.960640690686046     
          42         127   1.03991992969248     
          53         127   1.03839161229241     
         126         127  0.939991386220572     
          83         128   1.04491625331335     
          91         128   1.09033661191656     
         115         128  0.917622971674416     
          20         129   1.04380256656865     
          23         129   1.03522488821438     
         125         129  0.935895552451697     
           9         130   1.05418713697159     
          18         130   1.03233223078067     
          19         130   1.02930961769700     
          26         131   1.10045353981157     
          27         131   1.04643351013599     
         102         131  0.909606240293188     
          28         132   1.06322204584536     
          31         132   1.04476056470614     
         110         132  0.926849513223436     
