   -0.02525294
   -0.03256520
   -0.02949235
    0.00479205
    0.21346818
   -0.07200263
    0.00616017
   -0.00394711
   -0.02723400
   -0.07050656
    0.00063786
   -0.00004986
   -0.04531641
    0.01009552
    0.00136636
   -0.00012536
   -0.03930265
    0.01132360
    0.00267527
    0.00472241
    0.25603019
   -0.07294865
    0.00064605
   -0.01982841
   -0.04001162
   -0.07276160
    0.00055057
    0.00463535
   -0.04048587
    0.01284949
    0.00351314
    0.00628468
   -0.02913196
   -0.03858167
    0.00396541
   -0.03799277
   -0.03729988
    0.00404244
    0.00143132
    0.00035800
    0.00067788
   -0.00034598
   -0.00107390
   -0.00125881
   -0.00119470
   -0.00125976
   -0.00240645
   -0.00037610
   -0.00058604
   -0.00036687
   -0.00235652
   -0.00096622
   -0.00035759
    0.00031133
    0.00100901
   -0.00158800
   -0.00132958
   -0.00141341
   -0.00274524
   -0.00134772
   -0.00140738
   -0.00004550
    0.00220140
    0.00113638
    0.00114531
    0.00498172
   -0.03713484
   -0.03787866
    0.00391033
   -0.03716274
   -0.03720936
    0.00469777
   -0.00074318
    0.00077787
    0.00096264
   -0.00023154
   -0.00078617
   -0.00021887
   -0.00121223
   -0.00099605
   -0.00116781
    0.00004541
   -0.00088025
    0.00006340
   -0.00101548
   -0.00090134
   -0.00067341
    0.00029531
   -0.00059107
   -0.00006300
   -0.00121989
   -0.00114214
   -0.00126808
    0.00017186
   -0.00125686
   -0.00039204
    0.00349439
    0.00093254
    0.00102331
    0.00479604
   -0.03704238
   -0.03748303
    0.00377874
   -0.03735167
   -0.03696106
    0.00462376
   -0.00080463
    0.00063923
    0.00108735
   -0.00088494
   -0.00092921
    0.00011589
   -0.00121635
   -0.00228555
   -0.00123590
    0.00008476
   -0.00100741
   -0.00072854
   -0.00123195
   -0.00115422
   -0.00112985
   -0.00024657
   -0.00094360
   -0.00026310
   -0.00168565
   -0.00024360
   -0.00132995
    0.00004349
   -0.00158956
   -0.00096635
    0.00389081
    0.00068843
    0.00092846
    0.00384450
   -0.03744181
   -0.03757132
    0.00554133
   -0.03852001
   -0.03032589
   -0.03833460
    0.00036221
    0.00024520
    0.01201961
   -0.04890826
    0.00020474
    0.00131645
    0.01119187
   -0.05019551
   -0.00028410
    0.00142243
    0.01102776
   -0.04446896
    0.00026911
    0.00018832
    0.00896578
   -0.02741155
   -0.00416069
    0.00178379
   -0.07264274
    0.21444725
   -0.00024379
    0.00286886
   -0.07187342
   -0.02806456
    0.00550233
    0.00482886
    0.00983326
   -0.03446471
   -0.03425289
   -0.03075115
    0.03180920
    0.02691649
    0.03271846
   -0.10558390
    0.03426755
    0.03131438
    0.02736557
    0.02688380
    0.02900927
    0.03248100
    0.03269449
    0.03258615
    0.03286219
    0.03222792
    0.03261179
    0.03022011
    0.02744464
    0.02932111
    0.02910617
    0.02891641
    0.03149497
    0.03386656
   -0.10565796
    0.03442576
    0.03288442
    0.02996676
    0.02950444
    0.03328660
    0.03338803
    0.03363354
    0.03277204
    0.03304366
    0.03255670
    0.03219563
    0.03357880
