           1           2   1.40541715144785     
           2           3   1.47398488089769     
           3           4   1.33912007946169     
           1           6   1.41356617353602     
           5           6   1.07592096976297     
           4           7   1.29869738621042     
           6           7   1.28364727423565     
           7           8   1.16955363489947     
           5          10   1.05976207446218     
           9          10   1.53335775956348     
           8          11   1.27789577339944     
          10          11   1.19023890838605     
          11          12   1.26263098143683     
           9          14   1.23172940386963     
          13          14   1.38523684093213     
          12          15   1.25983873855936     
          14          15   1.20388600713278     
          15          16   1.25905917361330     
          13          18   1.30599012796040     
          17          18   1.31987042984271     
          16          19   1.28141700094261     
          18          19   1.19487095019883     
          19          20   1.24427170933277     
          17          22   1.36709168133992     
          21          22   1.33994473677060     
          20          23   1.28905657341750     
          22          23   1.10655020290351     
          23          24   1.25439351590050     
          21          26   1.33779771422140     
          25          26   1.37195864603856     
          24          27   1.25423208172000     
          26          27   1.10510822798220     
          27          28   1.29613585756253     
          25          30   1.31588682912544     
          29          30   1.27941528617711     
          28          31   1.23005053323250     
          30          31   1.22336347528761     
          31          32   1.27562739101172     
          29          33   1.49420904338360     
          32          34   1.37454569848103     
          33          34   1.39593256467911     
           4          35   1.14401375342093     
          35          36   1.32193184383448     
          36          37   1.51231322731332     
          37          38   1.31814701752494     
           8          39   1.28573509602876     
          35          40   1.29437744632762     
          39          40   1.20780734248219     
          38          41   1.28643983661074     
          40          41   1.25179673807342     
          41          42   1.21489672454544     
          12          43   1.23349867894157     
          39          44   1.24804346516208     
          43          44   1.27827901884901     
          42          45   1.26819965186062     
          44          45   1.21826821012259     
          45          46   1.25644732308025     
          16          47   1.21728401595204     
          43          48   1.23130237448522     
          47          48   1.27054346016563     
          46          49   1.24171905180789     
          48          49   1.24324444936378     
          49          50   1.25864265122857     
          20          51   1.21643349273969     
          47          52   1.25257960607009     
          51          52   1.24851612342330     
          50          53   1.25407804025317     
          52          53   1.24452983085244     
          53          54   1.24515511933264     
          24          55   1.24148844632161     
          51          56   1.26966988267779     
          55          56   1.24738066842672     
          54          57   1.26816689021944     
          56          57   1.22899116936841     
          57          58   1.24322865307420     
          28          59   1.22089050932382     
          55          60   1.24858220020648     
          59          60   1.28598221233197     
          58          61   1.25632576482064     
          60          61   1.21289072026193     
          61          62   1.27287580238883     
          32          63   1.13787698853345     
          59          64   1.22023657318081     
          63          64   1.28285831053632     
          62          65   1.22282014087445     
          64          65   1.25071627304446     
          65          66   1.27923921750692     
          63          67   1.33782236706732     
          66          68   1.33026504548627     
          67          68   1.49575548283684     
          38          69   1.15899389100798     
          69          70   1.31776237313975     
          70          71   1.51360565718059     
          71          72   1.31892815282075     
          42          73   1.25866808559539     
          69          74   1.28516848995711     
          73          74   1.21841959235733     
          72          75   1.28530766424773     
          74          75   1.25037825923361     
          75          76   1.21842934741557     
          46          77   1.24773854370770     
          73          78   1.26450921778814     
          77          78   1.26074159181913     
          76          79   1.26960758635044     
          78          79   1.21903121246581     
          79          80   1.25579787880931     
          50          81   1.23116681772355     
          77          82   1.23694582705254     
          81          82   1.26459464843448     
          80          83   1.24051289835288     
          82          83   1.24176315612741     
          83          84   1.26155693895191     
          54          85   1.23162509982407     
          81          86   1.24828420459403     
          85          86   1.24779825736408     
          84          87   1.25060049413979     
          86          87   1.24863255269320     
          87          88   1.24563811637786     
          58          89   1.24652694790168     
          85          90   1.26452789665913     
          89          90   1.24336283074664     
          88          91   1.26745060031888     
          90          91   1.23571921469894     
          91          92   1.24041733670888     
          62          93   1.24716710488429     
          89          94   1.25502539948148     
          93          94   1.27394257028334     
          92          95   1.25523573612798     
          94          95   1.21562769016248     
          95          96   1.27362747611221     
          66          97   1.15505149491715     
          93          98   1.21952856731470     
          97          98   1.28387668555768     
          96          99   1.21921485159891     
          98          99   1.25040450491811     
          99         100   1.28411167642019     
          97         101   1.32306714544046     
         100         102   1.32310312163742     
         101         102   1.50763098506241     
          72         103   1.15685716405284     
         103         104   1.32605823253950     
         104         105   1.49929260763434     
         105         106   1.33590803272380     
          76         107   1.25271996678063     
         103         108   1.28235156049067     
         107         108   1.22006266059644     
         106         109   1.28274027861362     
         108         109   1.25015665568004     
         109         110   1.22311980900721     
          80         111   1.24927615727927     
         107         112   1.27044464308807     
         111         112   1.25759585942208     
         110         113   1.27893713099644     
         112         113   1.21513555947736     
         113         114   1.25469530296420     
          84         115   1.23163443800273     
         111         116   1.23928059966076     
         115         116   1.26773738343588     
         114         117   1.24712611528182     
         116         117   1.23473967011719     
         117         118   1.26562070963392     
          88         119   1.23053714505636     
         115         120   1.24541302377683     
         119         120   1.24976229461037     
         118         121   1.25350677469097     
         120         121   1.24832013531114     
         121         122   1.24475346231209     
          92         123   1.24939865318211     
         119         124   1.26485518929821     
         123         124   1.24049385216638     
         122         125   1.27712739408227     
         124         125   1.23545250923050     
         125         126   1.23225904825587     
          96         127   1.24804899044412     
         123         128   1.25540179311007     
         127         128   1.27327358156310     
         126         129   1.24090344606019     
         128         129   1.21400650976393     
         129         130   1.29105575856253     
         100         131   1.15485099894482     
         127         132   1.22133084367724     
         131         132   1.27891596156703     
         130         133   1.21661148814443     
         132         133   1.25326533750177     
         133         134   1.28459176971113     
         131         135   1.33078319292677     
         134         136   1.33818588714202     
         135         136   1.49545285757705     
         106         137   1.13816364580247     
         137         138   1.37574233517769     
         138         139   1.39221817758059     
         139         140   1.49771591635285     
         110         141   1.22964329113007     
         137         142   1.27373757072829     
         141         142   1.23937069544036     
         140         143   1.27549864178265     
         142         143   1.21678460668055     
         143         144   1.33111738285513     
         114         145   1.23649757537741     
         141         146   1.28651918323663     
         145         146   1.26591838214694     
         144         147   1.33265898240835     
         146         147   1.17627860655083     
         147         148   1.31999564114083     
         118         149   1.22020139047389     
         145         150   1.25553029187163     
         149         150   1.28361283313893     
         148         151   1.33415757384100     
         150         151   1.18333507903511     
         151         152   1.30976477963180     
         122         153   1.21901282480089     
         149         154   1.25459753184301     
         153         154   1.26068532094891     
         152         155   1.36854278121122     
         154         155   1.20474170763045     
         155         156   1.24786471171400     
         126         157   1.27071700352331     
         153         158   1.27754667277913     
         157         158   1.23563938872498     
         156         159   1.50732753977358     
         158         159   1.20688998121417     
         159         160   1.07054209644539     
         130         161   1.22743735430187     
         157         162   1.22968447375869     
         161         162   1.29587683854135     
         160         163   1.06442349873393     
         162         163   1.20608710313257     
         163         164   1.51234621635442     
         134         165   1.13663332148228     
         161         166   1.23101782485390     
         165         166   1.26469397048481     
         164         167   1.25477662512880     
         166         167   1.24859239796815     
         167         168   1.31102383262741     
         165         169   1.38672260247157     
         168         170   1.48019248931704     
         169         170   1.40635772420580     
           1         171  0.969717640169850     
           2         172  0.969909531528114     
           3         173  0.960864116989644     
           5         174  0.969814613239652     
           9         175  0.965987989691582     
          13         176  0.965739255474273     
          17         177  0.967528046913951     
          25         178  0.967579038026812     
          29         179  0.968807303174739     
          36         180  0.960180194170561     
          37         181  0.959697126052991     
          70         182  0.959808033024785     
          71         183  0.960004922192210     
         104         184  0.960152421684211     
         105         185  0.960676388623724     
         138         186  0.962225635319385     
         139         187  0.970338861188920     
         140         188  0.968952185634636     
         144         189  0.966532143578420     
         148         190  0.966616571875202     
         152         191  0.966076133284093     
         156         192  0.966213662638253     
         160         193  0.969709097517940     
         164         194  0.966087801406681     
         168         195  0.968390047038154     
         170         196  0.970268717261460     
          33         197  0.970126255866129     
          34         198  0.961584772010139     
          67         199  0.960206140653272     
          68         200  0.960232219452040     
         101         201  0.960289139841784     
         102         202  0.960497580186218     
         135         203  0.960524921131355     
         136         204  0.960281705982195     
         169         205  0.961291507863578     
