   -0.06538422
   -0.02855841
   -0.04864685
    0.00629468
   -0.12246218
    0.06813034
   -0.00882514
    0.00387256
   -0.08208816
    0.06456223
   -0.00495533
   -0.00012380
   -0.04858455
    0.01347548
   -0.00350672
    0.00171067
   -0.04927890
    0.01257360
   -0.00366867
   -0.00107637
   -0.26759776
    0.09292010
   -0.01316716
    0.00782780
   -0.04825767
    0.09231766
   -0.01266578
   -0.00125843
   -0.03457791
    0.01294065
    0.00064376
    0.00637258
   -0.03006138
   -0.03509135
    0.00337961
   -0.03640278
   -0.03777440
    0.00451516
   -0.00449291
    0.00180048
    0.00110373
   -0.00020622
   -0.00183773
   -0.00001673
   -0.00025280
   -0.00045750
    0.00014932
   -0.00053446
   -0.00085997
   -0.00052060
   -0.00036931
   -0.00019434
   -0.00101845
   -0.00091061
   -0.00410487
   -0.00014287
   -0.00004892
   -0.00021922
    0.00004983
   -0.00055537
   -0.00012128
   -0.00081862
    0.00502187
    0.00152870
    0.00086943
    0.00422947
   -0.03650845
   -0.03676878
    0.00439546
   -0.03710813
   -0.03714687
    0.00409238
   -0.00072142
    0.00129127
    0.00119931
   -0.00056211
   -0.00060342
   -0.00059563
   -0.00021391
   -0.00046716
   -0.00001202
   -0.00072026
   -0.00029412
   -0.00078205
   -0.00018029
   -0.00034363
   -0.00043571
   -0.00097056
   -0.00066024
   -0.00071989
    0.00015706
   -0.00054591
    0.00001341
   -0.00097519
   -0.00008206
   -0.00064345
    0.00478895
    0.00127806
    0.00110668
    0.00415075
   -0.03695652
   -0.03686236
    0.00478133
   -0.03731697
   -0.03675378
    0.00341399
   -0.00042076
    0.00112811
    0.00145347
   -0.00071885
   -0.00050491
   -0.00089750
   -0.00024323
   -0.00046936
   -0.00004220
   -0.00089791
   -0.00013558
   -0.00109345
   -0.00005270
   -0.00059957
   -0.00013539
   -0.00176144
   -0.00016850
   -0.00090067
    0.00051539
   -0.00320850
   -0.00006740
   -0.00102076
   -0.00003361
   -0.00097558
    0.00456427
    0.00096642
    0.00131071
    0.00439794
   -0.03719902
   -0.03643453
    0.00674180
   -0.03517532
   -0.02962147
   -0.03635374
    0.00095445
    0.00240881
    0.01265409
   -0.04222186
    0.00102460
   -0.00174857
    0.01203058
   -0.04218545
    0.00173485
   -0.00240984
    0.01235147
   -0.04896030
    0.00041707
   -0.00338213
    0.01391134
   -0.08086274
    0.00379200
   -0.00666495
    0.06693677
   -0.12439569
    0.00057063
   -0.00752589
    0.06532116
   -0.07909620
    0.00627825
   -0.00464143
    0.01357372
   -0.04147592
   -0.04077636
   -0.03013141
    0.02430351
    0.03214763
    0.03287935
    0.16555905
    0.02193624
    0.03125495
    0.04776016
    0.04906280
    0.03443556
    0.03338997
    0.03293810
    0.03299905
    0.03281416
    0.03320545
    0.03253496
    0.03360168
    0.03039321
    0.03169492
    0.03270763
    0.03212894
    0.02926018
    0.02226062
    0.16454648
    0.02226220
    0.02738581
    0.02791778
    0.03007341
    0.03220096
    0.03248742
    0.03258038
    0.03296286
    0.03290735
    0.03310248
    0.03334719
    0.03021951
