           1           2   1.41078857323117     
           2           3   1.46816562590708     
           3           4   1.34107992912634     
           1           6   1.37415330541727     
           5           6   1.15339185646845     
           4           7   1.29473391120589     
           6           7   1.25690124601094     
           7           8   1.18456501133812     
           5          10   1.13587875657224     
           9          10   1.48187150725220     
           8          11   1.28250325512967     
          10          11   1.17642179894881     
          11          12   1.26403138999268     
           9          14   1.23539937430423     
          13          14   1.38692182804705     
          12          15   1.26139419523487     
          14          15   1.19826074270781     
          15          16   1.26415901575589     
          13          18   1.30004696424555     
          17          18   1.33716337072706     
          16          19   1.28006732889130     
          18          19   1.18841510873106     
          19          20   1.25356724968134     
          17          22   1.31061331782551     
          21          22   1.33692505437866     
          20          23   1.28391678261785     
          22          23   1.16092149214622     
          23          24   1.26419617025929     
          21          26   1.33021222336008     
          25          26   1.32037407034175     
          24          27   1.26597877028069     
          26          27   1.15944135878459     
          27          28   1.28892979701989     
          25          30   1.33022153871775     
          29          30   1.27670988253984     
          28          31   1.24145374290528     
          30          31   1.21618885888231     
          31          32   1.27260877687533     
          29          33   1.49857889138534     
          32          34   1.37935158948832     
          33          34   1.39047414426009     
           4          35   1.14391373926524     
          35          36   1.32543877022593     
          36          37   1.50976842478215     
          37          38   1.31909492661961     
           8          39   1.27569550057001     
          35          40   1.29047672295373     
          39          40   1.21240611297868     
          38          41   1.28778117984101     
          40          41   1.25207085996049     
          41          42   1.21359180787306     
          12          43   1.23063717891687     
          39          44   1.25123827941829     
          43          44   1.27595870170788     
          42          45   1.26893281295953     
          44          45   1.21895928150320     
          45          46   1.25588217088234     
          16          47   1.21347411333646     
          43          48   1.23562160464807     
          47          48   1.27200664055939     
          46          49   1.24299014117765     
          48          49   1.23984598378461     
          49          50   1.25903399135942     
          20          51   1.22036780114896     
          47          52   1.25353502764582     
          51          52   1.25367010756302     
          50          53   1.25638907264182     
          52          53   1.24210569986122     
          53          54   1.24365242731024     
          24          55   1.22971762592008     
          51          56   1.26431300601935     
          55          56   1.25363119508058     
          54          57   1.26844899563610     
          56          57   1.23042653056917     
          57          58   1.24236908328065     
          28          59   1.22466098063663     
          55          60   1.25424423478766     
          59          60   1.28003416661119     
          58          61   1.25370296270832     
          60          61   1.21487094146329     
          61          62   1.27503542873464     
          32          63   1.13477810818480     
          59          64   1.22636390143044     
          63          64   1.28081666068025     
          62          65   1.22022150549109     
          64          65   1.24903405541658     
          65          66   1.28272122655383     
          63          67   1.34116799315614     
          66          68   1.33061352211382     
          67          68   1.49346571073727     
          38          69   1.15753438180045     
          69          70   1.31976811850759     
          70          71   1.51196129206029     
          71          72   1.32012501843568     
          42          73   1.25871859026048     
          69          74   1.28447056146175     
          73          74   1.21913664412022     
          72          75   1.28546039517536     
          74          75   1.25036381584739     
          75          76   1.21824227451854     
          46          77   1.24781013543861     
          73          78   1.26398745160734     
          77          78   1.26115126799375     
          76          79   1.27043312010248     
          78          79   1.21878240251448     
          79          80   1.25552186231122     
          50          81   1.23059841113868     
          77          82   1.23647516703320     
          81          82   1.26554145944760     
          80          83   1.24046642605443     
          82          83   1.24165298478784     
          83          84   1.26209159138661     
          54          85   1.23386424839062     
          81          86   1.24738679389790     
          85          86   1.24744889199618     
          84          87   1.24949948406567     
          86          87   1.25061233397965     
          87          88   1.24510687611416     
          58          89   1.25031420685005     
          85          90   1.26266859505528     
          89          90   1.24133160077506     
          88          91   1.26535180213275     
          90          91   1.23965247736600     
          91          92   1.23891772926091     
          62          93   1.24789967450836     
          89          94   1.25373199718792     
          93          94   1.27187763755104     
          92          95   1.25306397004309     
          94          95   1.21882324434887     
          95          96   1.27282864520207     
          66          97   1.15276320652852     
          93          98   1.22104832081723     
          97          98   1.28201772085593     
          96          99   1.21953632807816     
          98          99   1.25112101222765     
          99         100   1.28312599001437     
          97         101   1.32672686695896     
         100         102   1.32600803936239     
         101         102   1.50456264687680     
          72         103   1.15582450233592     
         103         104   1.32671692616734     
         104         105   1.49847215178987     
         105         106   1.33673477650836     
          76         107   1.25180018286586     
         103         108   1.28291157777343     
         107         108   1.21991772168571     
         106         109   1.28283056914777     
         108         109   1.24972808085879     
         109         110   1.22350402796831     
          80         111   1.24916902804363     
         107         112   1.27154512730196     
         111         112   1.25734725964783     
         110         113   1.27938279006690     
         112         113   1.21407065885093     
         113         114   1.25537831039632     
          84         115   1.23182426487522     
         111         116   1.24009243918050     
         115         116   1.26708032086171     
         114         117   1.24717999168616     
         116         117   1.23362781831600     
         117         118   1.26736640497752     
          88         119   1.23301749638844     
         115         120   1.24712030834933     
         119         120   1.24775103229732     
         118         121   1.25338186986905     
         120         121   1.24752217430688     
         121         122   1.24760767493608     
          92         123   1.25330482883778     
         119         124   1.26539708161562     
         123         124   1.23892667359145     
         122         125   1.27464857962142     
         124         125   1.23658050478555     
         125         126   1.23577681416222     
          96         127   1.24847178709977     
         123         128   1.25319751689201     
         127         128   1.27459672294116     
         126         129   1.24334389976846     
         128         129   1.21551726382020     
         129         130   1.28867247788692     
         100         131   1.15308405408866     
         127         132   1.22009525255687     
         131         132   1.28098717609568     
         130         133   1.22075254241918     
         132         133   1.25180757003356     
         133         134   1.28296650191470     
         131         135   1.33162590932382     
         134         136   1.34085941039336     
         135         136   1.49355738283491     
         106         137   1.13735732529938     
         137         138   1.37687370573863     
         138         139   1.39185709786857     
         139         140   1.49789403752883     
         110         141   1.22872156427035     
         137         142   1.27331451395965     
         141         142   1.24016239209468     
         140         143   1.27579840899461     
         142         143   1.21675650322122     
         143         144   1.33058674811156     
         114         145   1.23556775488982     
         141         146   1.28660308557148     
         145         146   1.26679770114322     
         144         147   1.33475492666748     
         146         147   1.17591911876359     
         147         148   1.31794649699550     
         118         149   1.21767831252880     
         145         150   1.25548655964319     
         149         150   1.28438378283726     
         148         151   1.33759525343788     
         150         151   1.18287798184201     
         151         152   1.30619061291071     
         122         153   1.21781165683512     
         149         154   1.25639584345599     
         153         154   1.26291849070173     
         152         155   1.37112726341323     
         154         155   1.20111931420296     
         155         156   1.24892153409144     
         126         157   1.26261863758480     
         153         158   1.27675210181913     
         157         158   1.24463773590120     
         156         159   1.46012387877717     
         158         159   1.18991156008951     
         159         160   1.14548623172158     
         130         161   1.22520920191247     
         157         162   1.23826983700894     
         161         162   1.29349777563307     
         160         163   1.13883274486025     
         162         163   1.19065447606312     
         163         164   1.46496297910251     
         134         165   1.13449796925736     
         161         166   1.23517690663321     
         165         166   1.26598305431156     
         164         167   1.25640841337578     
         166         167   1.24453344711294     
         167         168   1.31265423411362     
         165         169   1.38628061670313     
         168         170   1.47917151773036     
         169         170   1.40653048880940     
           1         171  0.967876690715946     
           2         172  0.970882552252379     
           3         173  0.962542056168974     
           5         174  0.937778636255416     
           9         175  0.965399494237146     
          13         176  0.966863287210337     
          17         177  0.966373896199632     
          25         178  0.965977646649287     
          29         179  0.968753289933789     
          36         180  0.961421930504991     
          37         181  0.960146346958415     
          70         182  0.960012971495128     
          71         183  0.959902415578382     
         104         184  0.959990292217899     
         105         185  0.960770914390729     
         138         186  0.962052598293984     
         139         187  0.970160506899384     
         140         188  0.968767094871091     
         144         189  0.966203515514182     
         148         190  0.966368327710217     
         152         191  0.966722803232519     
         156         192  0.965561509581699     
         160         193  0.938305448062290     
         164         194  0.965313549765185     
         168         195  0.969104830133089     
         170         196  0.970661860647397     
          33         197  0.970243359105897     
          34         198  0.962883661880797     
          67         199  0.961585710228231     
          68         200  0.960617555171082     
         101         201  0.960411248182065     
         102         202  0.960202157564835     
         135         203  0.960280828431858     
         136         204  0.961096340829955     
         169         205  0.962436587212165     
