   -0.05845723
   -0.02935496
   -0.04522943
    0.00568693
    0.14058330
   -0.01588770
    0.00686692
   -0.07298139
    0.13617656
   -0.01469927
   -0.00058810
   -0.04835795
    0.01390645
   -0.00548421
    0.00363858
   -0.07085666
    0.01395789
   -0.00636969
   -0.00013345
    0.13829184
   -0.01660651
    0.00669188
   -0.07103594
    0.13728441
   -0.01553918
   -0.00028959
   -0.03795903
    0.01328454
   -0.00321614
    0.00724729
   -0.02948314
   -0.03853080
    0.00449074
   -0.03554154
   -0.03672775
    0.00672005
   -0.00431886
    0.00288654
    0.00207608
   -0.00035016
   -0.00048737
    0.00089107
   -0.00001771
   -0.00025943
    0.00047607
    0.00043222
   -0.00061170
    0.00032405
    0.00001448
    0.00051480
   -0.00067963
    0.00027683
   -0.00376803
    0.00105236
   -0.00018301
    0.00016157
   -0.00023407
    0.00043234
   -0.00009766
    0.00020209
    0.00511178
    0.00180176
    0.00125459
    0.00487689
   -0.03588285
   -0.03671880
    0.00782076
   -0.02831046
   -0.07026412
    0.01793760
    0.00036107
   -0.00191347
    0.00437413
    0.00144086
    0.00006958
   -0.00035170
    0.00008843
   -0.00027074
    0.00002511
   -0.00009043
   -0.00003196
    0.00002431
   -0.00015214
   -0.00013981
   -0.00008016
   -0.00001792
   -0.00040322
    0.00021052
    0.00011924
   -0.00038497
    0.00000722
   -0.00003166
   -0.00008811
   -0.00000496
    0.00486448
    0.00146190
    0.00143950
    0.00485915
   -0.03648685
   -0.03651040
    0.00897904
   -0.03332732
   -0.03521662
    0.00498563
    0.00024625
    0.00101774
    0.00161676
   -0.00037119
   -0.00018528
    0.00019252
   -0.00046010
   -0.00093714
    0.00000131
   -0.00010296
    0.00011845
   -0.00020956
    0.00009293
   -0.00067810
    0.00022924
    0.00001843
    0.00009947
   -0.00030830
    0.00077033
   -0.00353651
    0.00014069
   -0.00011436
    0.00037394
   -0.00019905
    0.00485819
    0.00128715
    0.00178906
    0.00506576
   -0.03671613
   -0.03590814
    0.00657727
   -0.03587422
   -0.02953845
   -0.03638170
    0.00110596
    0.00180894
    0.01278263
   -0.04420599
    0.00121325
    0.00010160
    0.01217221
   -0.04503278
    0.00229214
   -0.00042023
    0.01293954
   -0.04693022
   -0.00051907
   -0.00437833
    0.01325836
   -0.07179570
    0.00655292
   -0.01632515
    0.13819485
   -0.00031744
   -0.01584410
    0.13733717
   -0.07108617
    0.00726436
   -0.00331809
    0.01326797
   -0.03796963
   -0.03852316
   -0.02947028
    0.04933986
    0.04013409
    0.03825453
    0.04668992
    0.03604308
    0.04730376
    0.04686324
    0.03359727
    0.03501280
    0.03570354
    0.04736965
    0.04089048
    0.03535534
    0.03328682
    0.03040938
    0.03188874
    0.03254167
    0.03245658
    0.03385475
    0.04639147
    0.04673594
    0.03354231
    0.03120938
    0.03123890
    0.03248075
    0.03411174
    0.03376927
    0.03374068
    0.03374071
    0.03378419
    0.03410265
    0.03250367
   -0.22954081
   -0.23349524
   -0.23410640
