           1           2   1.39882353504893     
           2           3   1.47731384207782     
           3           4   1.34290236941727     
           1           5   1.40033196108986     
           4           6   1.28986115814182     
           5           6   1.27546969250933     
           6           7   1.17747265791335     
           8           9   1.51072464289867     
           7          10   1.27034908786127     
           9          10   1.18923595221120     
          10          11   1.26769130031653     
           8          13   1.23073217721930     
          12          13   1.37011263576401     
          11          14   1.25147860310623     
          13          14   1.21325391264751     
          14          15   1.27301883840532     
          12          17   1.34671080076696     
          16          17   1.24640774579008     
          15          18   1.26908107320132     
          17          18   1.21952395328594     
          18          19   1.24962286051018     
          16          20   1.48925958422199     
          19          21   1.28553941361675     
          20          21   1.20610206010671     
          21          22   1.22890588550841     
          23          24   1.50078962088815     
          22          25   1.23771946256928     
          24          25   1.19904504844537     
          25          26   1.28947467558720     
          23          28   1.24219546653216     
          27          28   1.31983342603803     
          26          29   1.23780710874509     
          28          29   1.24922390253133     
          29          30   1.26311486570252     
          27          31   1.47690714507462     
          30          32   1.39035598006957     
          31          32   1.40759455392390     
           4          33   1.14407071811671     
          33          34   1.32308714287720     
          34          35   1.51151974937502     
          35          36   1.31767094101652     
           7          37   1.28864598136542     
          33          38   1.29318493721599     
          37          38   1.20624871890903     
          36          39   1.27952224786977     
          38          39   1.25389714290145     
          39          40   1.21354847770371     
          11          41   1.23514537925200     
          37          42   1.24810751698203     
          41          42   1.27560965257698     
          40          43   1.26456906476489     
          42          43   1.22143839379234     
          43          44   1.25692052867575     
          15          45   1.21381781404982     
          41          46   1.23329665521656     
          45          46   1.27274879271042     
          44          47   1.23968174534653     
          46          47   1.24156129286128     
          47          48   1.26170657133152     
          19          49   1.21989492191536     
          45          50   1.25277637122056     
          49          50   1.24714766067740     
          48          51   1.25292530590957     
          50          51   1.24865420442406     
          51          52   1.24243414891777     
          22          53   1.27260095364110     
          49          54   1.27444209215718     
          53          54   1.23556173499426     
          52          55   1.26998707252072     
          54          55   1.23608094474039     
          55          56   1.23586993190490     
          26          57   1.22462827266274     
          53          58   1.23718847400666     
          57          58   1.29444539342619     
          56          59   1.25293428553975     
          58          59   1.21537805425106     
          59          60   1.27556994421168     
          30          61   1.13238756451335     
          57          62   1.21847442390003     
          61          62   1.28472439076685     
          60          63   1.22009257535048     
          62          63   1.25232808052494     
          63          64   1.28068099786264     
          61          65   1.34234291850991     
          64          66   1.33394636570582     
          65          66   1.49165672207062     
          36          67   1.15982446440249     
          67          68   1.24632425321233     
          68          69   1.56372870681476     
          69          70   1.34398938968471     
          40          71   1.26302466480516     
          67          72   1.29065424292339     
          71          72   1.20926642302092     
          70          73   1.22235197438832     
          72          73   1.25546107108639     
          73          74   1.21642057766409     
          44          75   1.25006970381365     
          71          76   1.26293236733848     
          75          76   1.25965750792506     
          74          77   1.26295950713837     
          76          77   1.22060160713425     
          77          78   1.25511735577478     
          48          79   1.23130179029274     
          75          80   1.23546701192438     
          79          80   1.26566249903993     
          78          81   1.23905368494303     
          80          81   1.24228429798136     
          81          82   1.26288972624144     
          52          83   1.23375852883880     
          79          84   1.24663764316399     
          83          84   1.24614453147523     
          82          85   1.24836016683847     
          84          85   1.25251073851194     
          85          86   1.24477856589398     
          56          87   1.25610000223907     
          83          88   1.26418985471015     
          87          88   1.23870388903242     
          86          89   1.26603768896406     
          88          89   1.24080463319810     
          89          90   1.23697177926235     
          60          91   1.24746883999358     
          87          92   1.25106914399163     
          91          92   1.27472549749831     
          90          93   1.25276855112042     
          92          93   1.21870800573279     
          93          94   1.27302774635493     
          64          95   1.15134327672491     
          91          96   1.21916180534651     
          95          96   1.28317735368083     
          94          97   1.21971727622646     
          96          97   1.25168351169228     
          97          98   1.28258752048095     
          95          99   1.32757128544566     
          98         100   1.32759581872639     
          99         100   1.50327301563927     
          70         101   1.15754935612403     
         101         102   1.31877040943096     
         102         103   1.50282355566579     
         103         104   1.33244758539109     
          74         105   1.25132456078906     
         101         106   1.28323193816626     
         105         106   1.21900631888317     
         104         107   1.28420795211910     
         106         107   1.24952285986415     
         107         108   1.22226646042736     
          78         109   1.24908606059094     
         105         110   1.27148943551937     
         109         110   1.25732162862437     
         108         111   1.27884735896095     
         110         111   1.21386752234980     
         111         112   1.25577299324997     
          82         113   1.23169629434746     
         109         114   1.24021015013747     
         113         114   1.26729272340823     
         112         115   1.24622323505592     
         114         115   1.23328947894610     
         115         116   1.26866686872126     
          86         117   1.23287994826675     
         113         118   1.24727503687075     
         117         118   1.24687676494764     
         116         119   1.25217051217920     
         118         119   1.24836566859462     
         119         120   1.24798631887610     
          90         121   1.25577958598017     
         117         122   1.26657357292218     
         121         122   1.23669910007983     
         120         123   1.27516776173043     
         122         123   1.23817715365282     
         123         124   1.23290190852954     
          94         125   1.24833217941957     
         121         126   1.25245883324510     
         125         126   1.27552770096405     
         124         127   1.24100929766362     
         126         127   1.21584366981137     
         127         128   1.29002297350391     
          98         129   1.15182981895089     
         125         130   1.21931448519539     
         129         130   1.28173167072937     
         128         131   1.21998873607908     
         130         131   1.25182485188806     
         131         132   1.28372130324717     
         129         133   1.33229045834207     
         132         134   1.34148834951318     
         133         134   1.49276342834548     
         104         135   1.13828628648371     
         135         136   1.37672771455546     
         136         137   1.39250335518422     
         137         138   1.49705971148909     
         108         139   1.23094692543636     
         135         140   1.27223974333050     
         139         140   1.23998061160214     
         138         141   1.27670378080528     
         140         141   1.21777166415137     
         141         142   1.32864216184170     
         112         143   1.23662859860022     
         139         144   1.28480417900931     
         143         144   1.26828981173193     
         142         145   1.33512089177507     
         144         145   1.17651353097050     
         145         146   1.31706034152498     
         116         147   1.21780031935061     
         143         148   1.25257366360766     
         147         148   1.28742215244512     
         146         149   1.33733362453897     
         148         149   1.18468863691692     
         149         150   1.30388588176207     
         120         151   1.21744431431659     
         147         152   1.25252172747594     
         151         152   1.26547498813925     
         150         153   1.37761162710169     
         152         153   1.20657598361972     
         153         154   1.23469176784269     
         124         155   1.26936498349800     
         151         156   1.27299597082875     
         155         156   1.23630994159732     
         154         157   1.49445156753397     
         156         157   1.20385524033624     
         128         158   1.22547748370149     
         155         159   1.23378317692317     
         158         159   1.28926089210812     
         159         160   1.20139451099289     
         160         161   1.49850060193636     
         132         162   1.13332866671528     
         158         163   1.23746490284502     
         162         163   1.26335881931384     
         161         164   1.24321580481699     
         163         164   1.24917355601745     
         164         165   1.31908794673535     
         162         166   1.38913368135194     
         165         167   1.47677787029395     
         166         167   1.40790860287310     
           1         168  0.967954681103740     
           2         169  0.970346093976439     
           3         170  0.962826098190446     
           8         171  0.965692081920174     
          12         172  0.966757359641270     
          16         173  0.965889345546664     
          23         174  0.965588377698928     
          27         175  0.968816090489966     
          34         176  0.962236305344754     
          35         177  0.959748173820474     
          68         178  0.943785774080266     
         102         179  0.962487879634911     
         103         180  0.960335306929275     
         136         181  0.962365609275621     
         137         182  0.970171044981728     
         138         183  0.968784850719586     
         142         184  0.966381472606303     
         146         185  0.966601172116367     
         150         186  0.966723332936484     
         154         187  0.965915803357553     
         161         188  0.965602330691478     
         165         189  0.968826391951085     
         167         190  0.970530504885693     
          31         191  0.970540532051629     
          32         192  0.962771256968349     
          65         193  0.961641898942033     
          66         194  0.960673223184526     
          99         195  0.960541433968555     
         100         196  0.960511580634537     
         133         197  0.960644068052608     
         134         198  0.961584542443977     
         166         199  0.962734947632541     
           5         200   1.05636659093644     
           9         200   1.04264705227442     
          20         201   1.04783654520665     
          24         201   1.04506655744830     
         157         202   1.04697373977515     
         160         202   1.04521886368132     
