   -0.03474525
   -0.03658206
    0.00554731
   -0.03711930
    0.00461799
    0.00151804
   -0.03452192
    0.00394940
   -0.03685795
    0.00493652
    0.00193719
   -0.03434411
    0.00487088
   -0.00078523
    0.00306346
   -0.04206018
   -0.03014555
    0.00613418
    0.00169918
    0.00033409
    0.00532292
    0.00184894
    0.00013006
    0.00397253
    0.00072907
    0.01089980
   -0.03097225
   -0.00171436
    0.01186805
    0.00101569
   -0.00057685
    0.01128741
   -0.00046522
   -0.00029026
    0.00105723
    0.01089980
   -0.02796188
    0.00679259
   -0.04469329
   -0.00073809
    0.00057245
   -0.04467021
   -0.00022289
    0.00397253
   -0.03452192
   -0.00030677
   -0.04469329
   -0.00036910
    0.00679259
    0.00072907
    0.00394940
   -0.00005174
    0.00184894
   -0.00023343
    0.00532292
   -0.00009709
   -0.02796188
    0.00013006
   -0.00076830
    0.00169918
    0.00018808
    0.00613418
   -0.00017132
   -0.03014555
    0.00033409
   -0.04467021
    0.00493652
    0.00057245
   -0.03685795
   -0.00073809
    0.00193719
   -0.00017132
    0.01128741
   -0.03658206
    0.00018808
   -0.00057685
   -0.00076830
    0.00101569
   -0.04206018
    0.00554731
   -0.00009709
   -0.00023343
    0.01186805
   -0.00005174
   -0.00171436
    0.00306346
   -0.03474525
   -0.00036910
    0.00487088
   -0.00030677
   -0.03434411
   -0.00022289
   -0.03097225
   -0.00078523
    0.00105723
    0.00461799
   -0.00029026
   -0.03711930
   -0.00046522
    0.00151804
    0.05348981
    0.03463280
    0.03636405
    0.04903631
    0.03588906
    0.03469852
    0.03535141
    0.03543688
    0.03293974
    0.04224075
    0.03286836
    0.03132009
    0.03267998
    0.03588906
    0.03132009
    0.03286836
    0.04903631
    0.03293974
    0.03267998
    0.03469852
    0.03463280
    0.03543688
    0.05348981
    0.03535141
    0.04224075
    0.03636405
    0.04826888
    0.04826888
   -0.08487254
   -0.10317256
   -0.08487254
   -0.10317256
