           1           7   1.57333383086744     
           3           7   1.26902313477609     
           1           8   1.25801871055299     
           2           9   1.53581708976766     
           5           9   1.30042646638412     
           2          10   1.29812304678452     
           3          10   1.18308503695261     
           6          10   1.28024556789567     
           3          11   1.29801787141372     
           4          17   1.48987907301137     
          12          17   1.38282139184090     
           4          18   1.33482197425620     
           5          18   1.15088538043933     
          13          18   1.28712114141702     
           5          19   1.30828747763171     
           6          19   1.24983341857234     
          14          19   1.19535044117050     
           6          20   1.22238636669983     
           4          21  0.100156880808466     
          12          21   1.44550836308979     
          13          21   1.28726892172828     
          13          22   1.16729150696743     
          14          22   1.31861790147012     
          15          22   1.23591741538801     
          14          23   1.23240639843431     
          15          24   1.21272700340096     
          16          24   1.53195782836115     
          15          25   1.27401598550530     
          16          26   1.24705771925746     
           8          28   1.25995885530453     
           8          30   1.25436417831855     
          11          30   1.23977474172249     
          11          33   1.21583286279380     
          20          33   1.28137991029794     
          27          37   1.76900142736912     
          29          37   1.12663987401286     
          28          38   1.38557407257762     
          29          38   1.14750680659792     
          31          38   1.21587855736328     
          29          39   1.54389603810984     
          32          39   1.21714530722381     
          30          40   1.25326559089782     
          31          40   1.27018534895549     
          34          40   1.22533987774589     
          31          41   1.25601078970996     
          32          41   1.20725510035383     
          35          41   1.27161567603210     
          32          42   1.39306292874525     
          36          42   1.32855629253822     
          20          43   1.23923344611761     
          23          43   1.23477700329695     
          23          52   1.27690655700567     
          25          52   1.23066225947148     
          25          59   1.24495625880497     
          26          59   1.23205476940852     
          26          66   1.32855629253821     
          33          72   1.24553308815767     
          34          72   1.23861235868996     
          46          72   1.26167564373617     
          47          73   1.21714530722382     
          66          73   1.39306292874525     
          68          73   1.20725510035382     
          67          74   1.29812304678454     
          69          74   1.53581708976764     
          34          75   1.27975775906443     
          35          75   1.22541842912396     
          48          75   1.24033116086127     
          49          76   1.21587855736328     
          68          76   1.25601078970997     
          70          76   1.27018534895549     
          35          77   1.25837845239384     
          36          77   1.23205476940852     
          50          77   1.24495625880497     
          51          78   1.25436417831856     
          70          78   1.25326559089781     
          71          78   1.23977474172249     
          36          79   1.24705771925746     
          44          79   1.53195782836116     
          45          80   1.26902313477610     
          67          80   1.18308503695261     
          71          80   1.29801787141372     
          43          81   1.26861574494000     
          46          81   1.24180954668745     
          54          81   1.23588645041932     
          46          82   1.24194703511906     
          48          82   1.26708258461371     
          56          82   1.23588645041933     
          47          83   1.54389603810984     
          49          83   1.14750680659792     
          57          83   1.12663987401286     
          48          84   1.23646839243642     
          50          84   1.23066225947147     
          58          84   1.27690655700567     
          49          85   1.38557407257762     
          51          85   1.25995885530451     
          44          86   1.21272700340097     
          50          86   1.27401598550529     
          53          86   1.23591741538801     
          45          87   1.57333383086743     
          51          87   1.25801871055300     
          52          88   1.23646839243642     
          54          88   1.26708258461371     
          61          88   1.24033116086127     
          53          89   1.16729150696743     
          55          89   1.28726892172830     
          62          89   1.28712114141700     
          54          90   1.24194703511907     
          56          90   1.24180954668744     
          63          90   1.26167564373618     
          55          91   1.44550836308977     
          64          91   1.38282139184091     
          56          92   1.26861574494000     
          58          92   1.23477700329696     
          65          92   1.23923344611760     
          57          93   1.76900142736912     
          53          94   1.31861790147012     
          58          94   1.23240639843430     
          60          94   1.19535044117051     
          59          95   1.25837845239383     
          61          95   1.22541842912396     
          68          95   1.27161567603210     
          60          96   1.30828747763170     
          62          96   1.15088538043932     
          69          96   1.30042646638414     
          61          97   1.27975775906443     
          63          97   1.23861235868995     
          70          97   1.22533987774590     
          55          98  0.100156880808467     
          62          98   1.33482197425621     
          64          98   1.48987907301136     
          63          99   1.24553308815766     
          65          99   1.28137991029795     
          71          99   1.21583286279380     
          60         100   1.24983341857234     
          65         100   1.22238636669984     
          67         100   1.28024556789566     
           1         101  0.935836673595065     
           2         102  0.959911836627131     
           4         103  0.960947386960685     
           7         105  0.959551096659012     
           9         106  0.960865288206594     
          12         107  0.961523225359369     
          16         108  0.958113164888408     
          17         109  0.969084754343555     
          27         110  0.950652286961040     
          37         111  0.959396210948096     
          39         112  0.964584606127259     
          42         113  0.965889074976039     
          45         114  0.959551096659016     
          47         115  0.964584606127259     
          57         116  0.959396210948092     
          64         118  0.969084754343554     
          66         119  0.965889074976038     
          69         120  0.960865288206596     
          74         121  0.959911836627130     
          79         122  0.958113164888409     
          87         123  0.935836673595064     
          91         124  0.961523225359370     
          93         125  0.950652286961036     
          98         126  0.960947386960686     
          44         129   1.03749384624119     
          55         129   1.03971356524186     
         128         129  0.940623926482086     
          85         130   1.04497697394523     
          93         130   1.09048635474277     
         117         130  0.917712356880686     
          21         131   1.03971356524186     
          24         131   1.03749384624119     
         127         131  0.940623926482083     
          27         132   1.09048635474277     
          28         132   1.04497697394523     
         104         132  0.917712356880699     
