   -0.03725652
   -0.03814512
    0.00369976
   -0.04886988
    0.00274702
    0.00087650
   -0.03731513
   -0.03756738
    0.00400985
   -0.03683221
    0.00447639
    0.00081959
   -0.06581090
   -0.00944925
   -0.00465956
   -0.00600567
   -0.08455862
   -0.02889936
    0.00622971
    0.00143441
   -0.00047352
    0.06798281
    0.00359475
   -0.00015612
    0.06419192
   -0.00074356
    0.01288063
   -0.03060964
    0.00570652
    0.01153151
    0.00099214
    0.00037532
    0.01093145
   -0.00120323
   -0.00110085
    0.00073352
    0.01288066
   -0.03741720
   -0.00011181
   -0.04668222
   -0.00058715
   -0.00235958
   -0.05355718
   -0.00112496
    0.06419190
   -0.03756738
   -0.00089044
   -0.04668225
   -0.00086326
   -0.00011182
   -0.00074356
    0.00400987
   -0.00209678
    0.00359473
   -0.00131809
    0.06798281
   -0.00100841
   -0.03741720
   -0.00015612
   -0.03731515
   -0.00340854
    0.00143440
   -0.00113893
    0.00622970
   -0.00078950
   -0.02889936
   -0.00047353
   -0.05355719
    0.00447639
   -0.00235958
   -0.03683221
   -0.00058714
    0.00081959
   -0.00078950
    0.01093139
   -0.03814510
   -0.00113895
    0.00037531
   -0.00340853
    0.00099214
   -0.08455859
    0.00369976
   -0.00100841
   -0.00131810
    0.01153147
   -0.00209679
    0.00570651
   -0.00600566
   -0.03725651
   -0.00086326
   -0.00944925
   -0.00089045
   -0.06581088
   -0.00112496
   -0.03060967
   -0.00465955
    0.00073352
    0.00274703
   -0.00110084
   -0.04886986
   -0.00120323
    0.00087651
    0.03192266
    0.03244032
    0.03253841
    0.03066822
    0.03202056
    0.03263078
    0.02334051
    0.01941808
    0.03134760
    0.02755894
    0.02927204
    0.02898516
    0.02595567
    0.03202054
    0.02898519
    0.02927207
    0.03066824
    0.03134761
    0.02595570
    0.03263078
    0.03244031
    0.01941803
    0.03192267
    0.02334052
    0.02755902
    0.03253841
   -0.12298429
   -0.12298438
    0.16468217
    0.16468212
