           1           8   1.48770972675839     
           3           8   1.33687873467735     
           1           9   1.34572700894621     
           2          10   1.49856107060732     
           5          10   1.33436676693814     
           2          11   1.32961481263963     
           3          11   1.15151386394318     
           6          11   1.28325577355187     
           3          12   1.27725500254942     
           4          18   1.46671602830532     
          13          18   1.41230433860537     
           4          19   1.34221540110922     
           5          19   1.14135514456094     
          14          19   1.29673615620335     
           5          20   1.28527225433741     
           6          20   1.25237576147609     
          15          20   1.21664549610385     
           6          21   1.21813999257234     
          13          22   1.37230034783640     
          14          22   1.25833233049971     
          14          23   1.18086006414274     
          15          23   1.26668452100297     
          16          23   1.29485155875479     
          15          24   1.25588182379183     
          16          25   1.17223000202304     
          17          25   1.48794929779550     
          16          26   1.25529071481297     
          17          27   1.23021047923695     
           7          28   1.38223165131137     
           7          29   1.39233536139449     
           9          29   1.13483530232028     
           9          31   1.27785435602095     
          12          31   1.24902496285528     
          12          34   1.22617800039417     
          21          34   1.24664769187719     
          28          38   1.50683236151674     
          30          38   1.27410461961845     
          29          39   1.26181210674134     
          30          39   1.21809522872159     
          32          39   1.25472343924567     
          30          40   1.32960984241842     
          33          40   1.35323731997106     
          31          41   1.22868522368674     
          32          41   1.22031744497934     
          35          41   1.28297308323368     
          32          42   1.27970646350449     
          33          42   1.18534979420146     
          36          42   1.26712176998414     
          33          43   1.28695043534354     
          37          43   1.40296168285034     
          21          44   1.27433562624654     
          24          44   1.22148886421617     
          24          53   1.26868283668238     
          26          53   1.23044284533328     
          26          61   1.27053972002281     
          27          61   1.18932109920754     
          27          68   1.40296156944561     
          34          74   1.26918705939698     
          35          74   1.21936510115959     
          47          74   1.25480323341529     
          48          75   1.35323721085613     
          68          75   1.28695048500684     
          70          75   1.18534980898034     
          69          76   1.32961494573105     
          71          76   1.49856095800443     
          35          77   1.24633680459220     
          36          77   1.22537635723654     
          49          77   1.26851856726201     
          50          78   1.25472341757123     
          70          78   1.27970638968463     
          72          78   1.22031747670959     
          36          79   1.26500651104669     
          37          79   1.18932107493359     
          51          79   1.27053971685509     
          52          80   1.27785418115216     
          72          80   1.22868525011540     
          73          80   1.24902504697608     
          37          81   1.23021041867140     
          45          81   1.48794927029307     
          46          82   1.33687876118336     
          69          82   1.15151385100730     
          73          82   1.27725494393553     
          44          83   1.24854773365950     
          47          83   1.24090967307819     
          55          83   1.25653710695591     
          47          84   1.25075522146831     
          49          84   1.23307046876975     
          57          84   1.25653711700513     
          48          85   1.32960969340217     
          50          85   1.21809525031309     
          58          85   1.27410473265983     
          49          86   1.24436027481905     
          51          86   1.23044286235529     
          59          86   1.26868265720937     
          50          87   1.26181205028801     
          52          87   1.13483540928012     
          60          87   1.39233532366862     
          45          88   1.17223010785133     
          51          88   1.25529067802978     
          54          88   1.29485152948735     
          46          89   1.48770962784253     
          52          89   1.34572711418493     
          53          90   1.24436013534259     
          55          90   1.23307049462719     
          63          90   1.26851864577634     
          54          91   1.18086002820134     
          56          91   1.25833254224145     
          64          91   1.29673597624554     
          55          92   1.25075522700716     
          57          92   1.24090966614285     
          65          92   1.25480321872223     
          56          93   1.37230022640681     
          66          93   1.41230442584770     
          57          94   1.24854773954403     
          59          94   1.22148892193478     
          67          94   1.27433555049899     
          58          95   1.50683232336262     
          60          95   1.38223157875364     
          54          96   1.26668448606382     
          59          96   1.25588196267213     
          62          96   1.21664542097275     
          61          97   1.26500644923254     
          63          97   1.22537631843806     
          70          97   1.26712183342545     
          62          98   1.28527222371705     
          64          98   1.14135518144691     
          71          98   1.33436680561570     
          63          99   1.24633678753807     
          65          99   1.21936514759727     
          72          99   1.28297302276019     
          64         100   1.34221552207319     
          66         100   1.46671594205143     
          65         101   1.26918703349456     
          67         101   1.24664771478318     
          73         101   1.22617797688895     
          62         102   1.25237583311192     
          67         102   1.21814003790994     
          69         102   1.28325564742412     
           1         103  0.960837809100074     
           2         104  0.960178913280241     
           4         105  0.962458937410475     
           7         106  0.962197373205222     
           8         107  0.960193199103812     
          10         108  0.961364599814929     
          13         109  0.967910577077432     
          17         110  0.965314073197428     
          18         111  0.970927641549104     
          28         112  0.970385790731630     
          38         113  0.968847640431087     
          40         114  0.966370497151412     
          43         115  0.966685090517211     
          46         116  0.960193243875006     
          48         117  0.966370543241329     
          58         118  0.968847651490443     
          60         119  0.962197385159180     
          66         120  0.970927639285387     
          68         121  0.966685112692655     
          71         122  0.961364593728816     
          76         123  0.960178946625550     
          81         124  0.965314080461999     
          89         125  0.960837787133315     
          93         126  0.967910587678600     
          95         127  0.970385830365201     
         100         128  0.962458921346002     
          22         129   1.15402087041103     
          25         129   1.13467867861029     
          45         130   1.13467863074933     
          56         130   1.15402079050929     
         129         131  0.937955499011607     
         130         132  0.937955540762893     
