   -0.02707265
   -0.03486190
   -0.03080425
   -0.00411212
    0.01049381
   -0.03909212
   -0.03474513
   -0.03493258
    0.00392625
   -0.00106961
    0.00553602
    0.00479647
    0.00343949
    0.00094667
   -0.00007810
   -0.03455894
    0.00989916
   -0.03701298
    0.00658772
    0.01173890
    0.00005911
   -0.00122385
   -0.00104039
   -0.04146599
   -0.00265630
    0.00359439
   -0.03098450
   -0.00000989
    0.00098893
   -0.03008863
    0.00195925
    0.00088274
    0.00184704
    0.00373613
    0.00391824
    0.00480016
    0.00526915
   -0.04259710
    0.00620933
   -0.03479456
    0.00071048
   -0.00004410
    0.00053132
   -0.03005738
   -0.04432244
   -0.00116935
   -0.02785654
   -0.00114321
   -0.00011519
    0.00671185
    0.03389332
    0.05401508
    0.03547405
    0.03712199
    0.03545884
    0.04269697
    0.04906615
    0.03666336
    0.03329684
    0.04969468
    0.05318251
    0.04349065
    0.04144375
    0.03596217
    0.03764619
    0.03601062
    0.03213138
    0.03320117
    0.04896783
    0.04963574
   -0.08345468
   -0.10214980
   -0.06423493
   -0.09988670
