           1           3   1.75612623594688     
           1           5   1.13732931266098     
           2           7   1.64255120140765     
           2          13   1.20209381168740     
           4          13   1.35601568137586     
           4          19   1.27365047500662     
           5          19   1.23616720894451     
           5          24   1.39686485907624     
           6          30   1.74866757062684     
           9          30   1.14390664718166     
          24          31   1.38964203152363     
          26          31   1.30842357167757     
          11          32   1.19673407283396     
          26          32   1.18010404132963     
          28          32   1.33996758041807     
          12          33   1.31435069411745     
          28          33   1.19691157789352     
          29          33   1.24138382457112     
           8          34   1.24784687095018     
          25          34   1.28217765725650     
          29          34   1.24461160773903     
           7          35   1.20740834679317     
           9          35   1.32203912647969     
          14          35   1.22445979737562     
           9          36   1.24803666390042     
          10          36   1.23773112520032     
          15          36   1.25044120199589     
          11          37   1.27238840370837     
          16          37   1.45837832818760     
          18          37  0.102297437308342     
          10          38   1.49524015191304     
          17          38   1.28684522365360     
          11          39   1.27152552938597     
          12          39   1.17557474875531     
          18          39   1.32165509287040     
           8          40   1.58530536908270     
          12          40   1.25918288254099     
          13          41   1.21780705192537     
          14          41   1.26837250417819     
          21          41   1.25577623964049     
          14          42   1.25439150797886     
          15          42   1.24326889269264     
          22          42   1.24709677815396     
          15          43   1.25133961140027     
          17          43   1.25404507303310     
          23          43   1.23548625012830     
          16          44   1.36934401493588     
          18          44   1.50322288560507     
          17          45   1.25208479663785     
          20          45   1.50910468307839     
          19          46   1.23681855809605     
          21          46   1.25481543177215     
          26          46   1.24476987170833     
          20          47   1.12941120589253     
          27          47   1.76502687450316     
          21          48   1.23844245235971     
          22          48   1.28602116582197     
          28          48   1.21381382327833     
          22          49   1.20815174002839     
          23          49   1.27988952810089     
          29          49   1.26028784333693     
          20          50   1.16723091235589     
          23          50   1.22544391811165     
          25          50   1.35549410830893     
           1          51  0.959466535964935     
           8          52  0.935377141131526     
          16          53  0.961232553313976     
          18          54  0.960237410974961     
          24          55  0.956720483384419     
          27          56  0.950638333647095     
          40          58  0.959715579699645     
          44          59  0.969055269663523     
           2          61  0.934389774672187     
           3          62  0.950788234424781     
           6          63  0.953249502900319     
           7          64  0.961548748098259     
          30          65  0.954154249108589     
          38          66  0.959120538884442     
          45          67  0.964627398389807     
          47          68  0.959450589117844     
          31          71   1.04298626571505     
          37          71   1.04101882613562     
          70          71  0.935670485701293     
          25          72   1.04505258168187     
          27          72   1.09126417128145     
          57          72  0.917275528113537     
           6          73   1.09013449065551     
          10          73   1.03261696427918     
          69          73  0.924702053221855     
           3          74   1.09045671724800     
           4          74   1.04653082849552     
          60          74  0.915329625977892     
