   -0.04360608
   -0.03019268
   -0.04231293
    0.00301552
    0.04578876
   -0.00049171
   -0.00821717
   -0.04670771
    0.03956970
   -0.00117807
    0.00102956
   -0.05102215
    0.01142855
    0.00300082
   -0.02253574
   -0.05649894
    0.04468653
    0.03481731
    0.04713665
   -0.00320883
    0.00265698
   -0.04929300
    0.04448800
   -0.00231376
    0.00136118
   -0.03886641
    0.01268086
   -0.00284611
    0.00745073
   -0.02891302
   -0.03877538
    0.00306456
   -0.07612482
   -0.04004687
   -0.02953828
   -0.00896898
   -0.01593333
    0.00998387
   -0.00023200
   -0.00484502
   -0.01828555
   -0.00374564
    0.00443853
    0.00088534
    0.00000776
   -0.00124198
   -0.00402412
    0.00206035
    0.00228998
    0.00026118
   -0.00339912
    0.00069916
   -0.00104977
   -0.00128470
    0.00044356
    0.00085622
   -0.00136496
   -0.00070029
   -0.00403899
    0.00325846
   -0.01960629
    0.00279024
   -0.03504647
   -0.04233262
   -0.00764046
   -0.04445236
   -0.04016428
   -0.01117112
   -0.01219425
   -0.00577002
   -0.01047967
   -0.01894052
   -0.00949138
   -0.00610260
   -0.00001506
   -0.00786983
   -0.00099342
    0.00044337
    0.00083929
   -0.00417600
   -0.00067727
   -0.00081504
   -0.00003202
   -0.00024632
   -0.00055826
   -0.00026297
   -0.00251609
    0.00389914
   -0.01698349
   -0.00176725
   -0.01944140
   -0.00335539
   -0.03575425
   -0.02214178
   -0.00248945
   -0.03701614
   -0.08123946
   -0.02981017
   -0.04233124
   -0.06959123
    0.00127985
    0.01016890
   -0.02206779
   -0.01156157
    0.00051991
   -0.02421704
   -0.01353561
   -0.00062125
    0.00038528
   -0.00309793
   -0.00069930
   -0.00155786
   -0.00226512
   -0.00031625
   -0.00145825
   -0.00019049
   -0.00584375
   -0.00145202
   -0.00005965
   -0.00119358
   -0.00626416
    0.00153001
   -0.00088262
   -0.00243719
    0.02389403
    0.00256239
    0.00094917
    0.00438140
   -0.01403033
    0.00507061
   -0.04102873
   -0.02942320
   -0.03988723
   -0.00277192
   -0.00412749
    0.01345072
   -0.05850381
   -0.00086993
   -0.00316988
    0.04469714
    0.00090716
   -0.00472792
    0.04599947
   -0.05483220
    0.00167290
   -0.00647038
    0.01255183
   -0.05402352
    0.00295469
   -0.00373959
    0.04546702
    0.00035492
   -0.00150531
    0.04554606
   -0.05420495
    0.00386647
    0.00079857
    0.01326002
   -0.03723375
   -0.04195843
   -0.02817920
    0.04285309
    0.03772240
    0.04047629
    0.04291188
    0.04560607
    0.04688096
    0.04235048
    0.03264401
    0.03248372
    0.04549831
    0.03098862
    0.03057616
    0.04126318
    0.03151104
    0.03370303
    0.03109550
    0.03352103
    0.03943380
    0.04214135
    0.04243030
    0.04288141
    0.03655731
    0.03391356
    0.03049660
    0.03301236
    0.03432457
    0.02980258
    0.04143929
    0.03403952
    0.05769541
    0.03006138
   -0.02955132
    0.19378486
   -0.11871100
   -0.14700441
   -0.11382806
   -0.11064787
    0.19352152
    0.19112580
   -0.10629534
    0.03872090
    0.06155033
    0.06510757
