           1           2   1.39197260621734     
           2           3   1.47874985917923     
           3           4   1.33610095140384     
           1           5   1.42700050751442     
           4           6   1.27595714733087     
           5           6   1.29262079451035     
           6           7   1.18373885514551     
           8           9   1.36628227765933     
           7          10   1.19614015634787     
           9          10   1.31324934067189     
          10          11   1.22822805983871     
           8          13   1.41414035528856     
          12          13   1.12966094677848     
          11          14   1.25921881508953     
          13          14   1.21269935265651     
          14          15   1.28165527641387     
          12          17   1.64210200390513     
          16          17   1.15188459366565     
          16          19   1.62279022298851     
          18          20   1.43520497213725     
          19          20   1.10156721427213     
          20          21   1.21154510858197     
          22          23   1.52648176855652     
          21          24   1.24061834534001     
          23          24   1.21543952998630     
          24          25   1.26750089610547     
          22          27   1.24096911621522     
          26          27   1.31746490717136     
          25          28   1.23463563572199     
          27          28   1.25018968637576     
          28          29   1.25925565348131     
          26          30   1.46848767425822     
          29          31   1.37235881850547     
          30          31   1.41743284012909     
           4          32   1.13917731485781     
          32          33   1.28591383243941     
          33          34   1.43023329801886     
          34          35   1.40317862951124     
           7          36   1.30980317075467     
          32          37   1.32348753541940     
          36          37   1.28779099917234     
          11          39   1.24411572467703     
          36          40   1.13362839235507     
          39          40   1.21801459861085     
          38          41  0.987703663084862     
          40          41   1.40158538267132     
          41          42   1.27679761447943     
          15          43   1.39986780987740     
          39          44   1.27239419716796     
          43          44   1.21595872476568     
          42          45   1.25589679464429     
          44          45   1.25471056566588     
          45          46   1.23100168263509     
          18          47   1.23559385743081     
          43          48   1.15537003719509     
          47          48   1.22917256657761     
          46          49   1.21051217697653     
          48          49   1.31158718523043     
          49          50   1.22907734217623     
          21          51   1.26842128056696     
          47          52   1.25105306508569     
          51          52   1.24384171037000     
          50          53   1.27320311127075     
          52          53   1.24057812536407     
          53          54   1.22407591626754     
          25          55   1.24038138957425     
          51          56   1.23092925878119     
          55          56   1.29179126923733     
          54          57   1.27161920417494     
          56          57   1.22030090452307     
          57          58   1.23288130112882     
          29          59   1.15281233341653     
          55          60   1.19901694397068     
          59          60   1.27632620090381     
          58          61   1.19010901521852     
          60          61   1.28051060754744     
          61          62   1.22800331799830     
          59          63   1.31025601894750     
          62          64   1.27701359935838     
          63          64   1.52667358393789     
          35          65   1.21396120907441     
          65          66   1.32120455165207     
          66          67   1.47551780572552     
          67          68   1.32136075813613     
          38          69  0.990366567740940     
          65          70   1.18536114068419     
          69          70   1.35167876366567     
          68          71   1.18296344790925     
          70          71   1.20940754586519     
          71          72   1.33387433855128     
          42          73   1.20850167920565     
          69          74   1.33896177052222     
          73          74   1.18442063856926     
          72          75   1.35267412339693     
          74          75   1.22161869612699     
          75          76   1.18107259921230     
          46          77   1.29056768202481     
          73          78   1.32501707258991     
          77          78   1.22898105471754     
          76          79   1.33666633948794     
          78          79   1.19142626055086     
          79          80   1.22058438558325     
          50          81   1.23809109476626     
          77          82   1.22186454471606     
          81          82   1.27021149792552     
          80          83   1.25691935394252     
          82          83   1.24464542884853     
          83          84   1.24071364006308     
          54          85   1.25260676032686     
          81          86   1.23405536685623     
          85          86   1.25195533192254     
          84          87   1.26031593138801     
          86          87   1.25626772942461     
          87          88   1.22042647314380     
          58          89   1.31822802339482     
          85          90   1.22351300442410     
          89          90   1.32000758568456     
          88          91   1.30734042567077     
          90          91   1.20121183572971     
          91          92   1.17987772334934     
          62          93   1.24648765172026     
          92          94   1.34629686929005     
          94          95   1.27039884759988     
          93          96   1.35906268266443     
          95          97   1.22584603140099     
          96          97   1.48678692169325     
          68          98   1.21975688887989     
          98          99   1.41344335713652     
          99         100   1.41561767168419     
         100         101   1.29205052469802     
          72         102   1.01267382326697     
         101         103   1.33308313735164     
         103         104   1.31125776615764     
          76         105   1.18864039198816     
         102         106   1.01235787173037     
         105         106   1.34554537719191     
         104         107   1.18053289296696     
         106         107   1.31788936507569     
         107         108   1.23085204209866     
          80         109   1.25521522242418     
         105         110   1.22200366634462     
         109         110   1.25360691956140     
         108         111   1.24383681252328     
         110         111   1.26237244846722     
         111         112   1.24086430446259     
          84         113   1.24264610818262     
         109         114   1.23627821018832     
         113         114   1.26127480432686     
         112         115   1.26114072050347     
         114         115   1.24759845885107     
         115         116   1.23135024783989     
          88         117   1.22422110166769     
         113         118   1.23552692459221     
         117         118   1.26743108993466     
         116         119   1.26763173158034     
         118         119   1.24091612455524     
         119         120   1.23385991349358     
          92         121   1.22536779345895     
         117         122   1.23686714466882     
         121         122   1.25527254906652     
         120         123   1.23921340484884     
         122         123   1.25151719970308     
         123         124   1.24257294377410     
          95         125   1.26912166987690     
         121         126   1.22398333460899     
         125         126   1.31739410868963     
         124         127   1.31769636477866     
         126         127   1.22113230109094     
         127         128   1.15533209692887     
         128         129   1.56217510579495     
         101         130   1.12622294441936     
         130         131   1.38107860511753     
         131         132   1.41061830512780     
         132         133   1.47402353230950     
         104         134   1.22343133581229     
         130         135   1.26272497672707     
         134         135   1.23482948163180     
         133         136   1.31533073965739     
         135         136   1.24929329142951     
         136         137   1.24531244475222     
         108         138   1.26860398172679     
         134         139   1.26470650341185     
         138         139   1.23652724858783     
         137         140   1.51619005755642     
         139         140   1.21854368630524     
         112         141   1.23740138837250     
         138         142   1.21140327093919     
         141         142   1.25911306385229     
         142         143   1.25430756024290     
         143         144   1.46376829920054     
         116         145   1.24341941429457     
         141         146   1.24683590375167     
         145         146   1.25069517934356     
         144         147   1.29391210349307     
         146         147   1.24180571050352     
         147         148   1.26048272255296     
         120         149   1.27159190691577     
         145         150   1.24933113301885     
         149         150   1.25031757026416     
         148         151   1.50465378561782     
         150         151   1.22654088190884     
         124         152   1.18399049143527     
         149         153   1.19880687824345     
         152         153   1.31682858621327     
         153         154   1.21752392423480     
         154         155   1.51645461579536     
         128         156   1.08896080122125     
         152         157   1.23348133695325     
         156         157   1.26538167183697     
         155         158   1.25424962523423     
         157         158   1.24829768543649     
         158         159   1.30210773633572     
         156         160   1.41913403510462     
         159         161   1.49875960365392     
         160         161   1.38370331279238     
           1         162  0.966407498231577     
           2         163  0.968941461457790     
           3         164  0.959955805439651     
           8         165  0.963354942435912     
          12         166  0.949133662044498     
          16         167  0.952424683843862     
          22         168  0.963926662303582     
          26         169  0.968749187812205     
          33         170  0.960018206198077     
          34         171  0.949453396006606     
          66         172  0.963840469249711     
          67         173  0.962242191277778     
          99         174  0.949037052326799     
         100         175  0.961759250475004     
         131         176  0.961538686910405     
         132         177  0.970098853045289     
         133         178  0.968540750184263     
         137         179  0.963464052935755     
         144         180  0.963417914743647     
         148         181  0.963922574782608     
         155         182  0.963898840338277     
         159         183  0.968344727289047     
         161         184  0.970110526506037     
          30         185  0.970287786410030     
          31         186  0.961863645182860     
          63         187  0.959256761385543     
          64         188  0.962493812936077     
          96         189  0.947075962658063     
          97         190  0.953599733674690     
         129         191  0.952168848087606     
         160         192  0.962554375594876     
         125         193   1.06238920069054     
         129         193   1.16073138659246     
          89         194  0.968012916103236     
          93         194  0.953258313638800     
          94         194  0.967339997615418     
          19         195   1.05724084926834     
          23         195   1.04052893228929     
          17         196  0.983547197742312     
          18         196   1.00510919868355     
         151         197   1.04847685969370     
         154         197   1.05265257537697     
         140         198   1.05258352744295     
         143         198   1.05898588212562     
          98         199  0.949505007328218     
         102         199  0.883524144280969     
         103         199  0.949526794374009     
          35         200  0.954457840062446     
          37         200  0.975146494575460     
          38         200  0.919966473845090     
           5         201   1.05439093112081     
           9         201   1.05549053884506     
          15         202  0.958491038993719     
         102         203  0.933119028373520     
          38         204  0.920907285609025     
