   -0.06579445
   -0.03521948
    0.10122472
    0.12053530
    0.01909285
    0.09588095
   -0.03807330
   -0.03470438
    0.00730236
    0.13199047
   -0.01352184
    0.00135896
   -0.01733509
    0.00209299
   -0.00221894
   -0.06321222
    0.01235134
   -0.04729037
   -0.01575181
    0.01733230
   -0.00512933
   -0.00383587
   -0.00169774
   -0.07327056
    0.12299472
   -0.01988541
    0.09800024
   -0.00428087
    0.00030016
   -0.06506602
    0.13824576
    0.00319906
    0.00371093
   -0.01410215
   -0.00332823
   -0.01287054
    0.13625829
   -0.07541444
    0.00350781
   -0.03695147
   -0.00047502
   -0.00031190
   -0.00680839
   -0.03125399
   -0.05836809
   -0.00413869
   -0.06586990
   -0.00349650
   -0.00765112
   -0.01378646
    0.04795705
    0.04061286
    0.04460950
    0.03612979
    0.04828257
    0.05180680
    0.03408089
    0.03650548
    0.03781311
    0.05546645
    0.04984343
    0.03022439
    0.04307526
    0.04395158
    0.03082164
    0.04436965
   -0.21378277
   -0.20548505
   -0.20255590
   -0.22799132
