           1           3   1.70529503732110     
           1           5   1.13832247236214     
           2           7   1.64876108813152     
           2          13   1.19826584990993     
           4          13   1.34010579107418     
           4          19   1.26052422891825     
           5          19   1.23799197483717     
           5          24   1.40599675912399     
           6          30   1.70406904759953     
           9          30   1.14765553217772     
          24          31   1.34533322653045     
          26          31   1.30011706589806     
          11          32   1.21532761029865     
          26          32   1.18595625720706     
          28          32   1.33008223235886     
          12          33   1.30373746058987     
          28          33   1.20683905011172     
          29          33   1.24525355846937     
           8          34   1.23993446168696     
          25          34   1.27253378406109     
          29          34   1.24213169684744     
           7          35   1.20254160028909     
           9          35   1.32982205037334     
          14          35   1.21886114997554     
           9          36   1.24308362205020     
          10          36   1.22964453504396     
          15          36   1.26167659413262     
          11          37   1.25905736191730     
          16          37   1.42821893303948     
          10          38   1.46392610668827     
          17          38   1.28340217102287     
          11          39   1.27010093231065     
          12          39   1.18672363480360     
          18          39   1.31155888559060     
           8          40   1.59284704975160     
          12          40   1.25490174837597     
          13          41   1.21147286485357     
          14          41   1.27298023540883     
          21          41   1.26094553660767     
          14          42   1.25581699607555     
          15          42   1.24787597180541     
          22          42   1.24086487871352     
          15          43   1.24280218283564     
          17          43   1.26315176845590     
          23          43   1.23264053303639     
          16          44   1.36558286975748     
          18          44   1.50947529196440     
          17          45   1.24889185676868     
          20          45   1.50459288862971     
          19          46   1.24743607776639     
          21          46   1.25685442235181     
          26          46   1.24458381129024     
          20          47   1.12988756795439     
          27          47   1.71753589187594     
          21          48   1.23136054619463     
          22          48   1.29836534799028     
          28          48   1.20956775190267     
          22          49   1.20415216788406     
          23          49   1.27878587295308     
          29          49   1.26161608454764     
          20          50   1.17499919027909     
          23          50   1.23788902959219     
          25          50   1.32902476747334     
           1          51  0.966583851738608     
           8          52  0.967601146153381     
          16          53  0.968478914117236     
          18          54  0.963083432664247     
          24          55  0.966149848536257     
          27          56  0.958935215322509     
          40          57  0.962413411100161     
          44          58  0.970648612298098     
           2          59  0.967593795632877     
           3          60  0.958412072084950     
           6          61  0.959591372044449     
           7          62  0.962904698451920     
          30          63  0.961107694340534     
          38          64  0.965856936252390     
          45          65  0.966806568275188     
          47          66  0.966514630804801     
           6          67   1.09341586414240     
          10          67   1.03097690574011     
          25          68   1.03799951891974     
          27          68   1.09663347161744     
           3          69   1.10795454972254     
           4          69   1.02887370788577     
          31          70   1.06021519482285     
          37          70   1.04067384565457     
