    0.00771476
    0.00062899
    0.00122348
    0.00431790
   -0.03678387
    0.00418729
    0.00408770
    0.00492881
   -0.03391884
   -0.02758952
   -0.04367411
   -0.02895127
    0.00763515
   -0.00134034
    0.00834155
   -0.03176009
    0.01030064
   -0.00076353
   -0.00220963
   -0.00436946
   -0.03031228
    0.00126540
    0.00029944
   -0.03562055
   -0.01245355
   -0.00064615
    0.00103822
    0.00610810
   -0.03008268
   -0.03867942
    0.01040842
    0.00236457
    0.00534966
   -0.03202726
   -0.04095662
   -0.02649476
   -0.03476100
    0.00537035
    0.00417375
    0.00738352
    0.00407456
    0.00321080
    0.00083793
    0.00426981
   -0.03862430
   -0.00179417
   -0.00125259
    0.00199276
   -0.03457769
    0.03721417
    0.04338831
    0.05534496
    0.03353679
    0.03784954
    0.03714497
    0.03750325
    0.03723676
    0.03800761
    0.05743461
    0.03596542
    0.03220004
    0.03513330
    0.03968261
    0.03454837
    0.03353727
    0.04968375
   -0.10125079
   -0.02921574
   -0.07829871
    0.04671277
   -0.02247775
   -0.08189064
    0.04913926
