           1          25   1.14789957066411     
           6          25   1.28319364066184     
           2          26   1.19025419302780     
           6          26   1.22800511002367     
           7          26   1.30684997548079     
           3          27   1.30248910829419     
           7          27   1.20192965723939     
           8          27   1.19988989157540     
           4          28   1.18406419663572     
           5          28   1.31800562723871     
           8          28   1.26416688197002     
           5          29   1.50586009533636     
           9          29   1.36730110998478     
          10          30   1.55365924113629     
           6          31   1.24269505841425     
          10          31   1.27824898459753     
          11          31   1.26350716965260     
           7          32   1.21198124840320     
          11          32   1.51931982538534     
           5          33  0.103597384423942     
           8          33   1.27558511406153     
           9          33   1.45923282785360     
          12          34   1.45748509337052     
          13          34   1.36025665482744     
          14          35   1.39335621269522     
          15          35   1.39469157096830     
          15          36   1.15024855967612     
          16          36   1.73554210859674     
          12          37   1.41466066827573     
          17          37   1.39408479943467     
          13          38   1.38127884009786     
          17          38   1.28719769985090     
          18          38   1.05588716047721     
          14          39   1.27364145420020     
          18          39   1.20138868260902     
          19          39   1.25086328630858     
          15          40   1.21072627780554     
          19          40   1.22025927704173     
          20          40   1.31919795319710     
          17          41   1.08784293042968     
          21          41   1.52877657063336     
          18          42   1.46139005076953     
          22          42   1.21977268116201     
          19          43   1.26275908755116     
          22          43   1.23852682046960     
          23          43   1.23975324804919     
          20          44   1.29054334319127     
          23          44   1.23883738382413     
          24          44   1.24644274886393     
           1          45   1.40358987749647     
          21          45   1.30362400154083     
           1          46   1.22926776102102     
           2          46   1.35144094612961     
           2          47   1.18696185580414     
           3          47   1.24757938671908     
          22          47   1.26205811380032     
           3          48   1.19997892008271     
           4          48   1.29140479646715     
          23          48   1.25945005851873     
           4          49   1.26559736081353     
          24          49   1.57988482074870     
           5          50  0.959704977531262     
          16          51  0.950735997100172     
          24          52  0.933458162040524     
          29          53  0.968928273385552     
          30          54  0.959714558324356     
          49          55  0.958791595744620     
          12          56  0.968011270651651     
          21          57  0.955938174799090     
          37          58  0.965131667475465     
          45          59  0.945492515063373     
           9          60  0.960716670141087     
          10          61  0.961684346989978     
          11          62  0.958144600552400     
          34          63  0.960844084466105     
          35          64  0.957882137989267     
          36          65  0.959781652628981     
          16          67   1.09886903528332     
          20          67   1.04728670086249     
          66          67  0.912263987843462     
          41          68   1.04657796029519     
          42          68  0.996280486244175     
          46          68   1.05646925233792     
          13          69   1.02916545681323     
          14          69   1.05021818293861     
          69          70  0.938345294403734     
          25          71   1.36317496023530     
          30          71   1.34602955131741     
          32          72   1.04082870020502     
          33          72   1.03669504843289     
          72          73  0.938374192866567     
