   -0.05936083
   -0.04334817
    0.01794915
    0.05306634
    0.01138352
   -0.02764413
   -0.04940499
   -0.05420432
   -0.00737884
   -0.29034126
    0.06533957
   -0.01537621
   -0.00879786
   -0.03793259
   -0.00080525
   -0.05553396
    0.06499000
   -0.05360254
   -0.01474230
    0.02158482
   -0.01725835
   -0.02412500
   -0.00979639
   -0.06744268
    0.04263754
   -0.02321929
    0.02768024
   -0.01810292
    0.00185819
   -0.06029558
    0.09345096
    0.00978294
    0.00184225
   -0.01931359
    0.02924191
   -0.00779468
    0.08982169
    0.00022418
   -0.03543105
    0.05218881
    0.04279637
   -0.01854945
   -0.03179320
   -0.08632454
   -0.00309054
   -0.06667020
    0.00050938
   -0.00796086
   -0.00842222
    0.04087678
    0.00492982
    0.03528815
    0.01614543
    0.04087883
    0.04064118
    0.02795331
    0.01856637
    0.02080728
    0.03440396
    0.02901899
    0.04234017
    0.02605950
    0.02183492
    0.03779277
   -0.10452602
   -0.09277735
    0.02499058
   -0.11587828
   -0.08034586
    0.17555065
    0.16832300
    0.16622153
    0.01862024
