           1           3   1.68176276133612     
           1           5   1.14266439396325     
           2           7   1.62324000478102     
           2          14   1.17577153696996     
           4          14   1.27661474480968     
           4          19   1.29007739174278     
           5          19   1.17002270558402     
           5          24   1.50780284586855     
           6          30   1.52408594937862     
           9          30   1.26009592944840     
          10          31   1.38854900361296     
          24          31   1.22379424474040     
          26          31   1.19206284305153     
          12          32   1.26392454155890     
          26          32   1.26747827912624     
          28          32   1.22581784406738     
          13          33   1.29759862093600     
          28          33   1.20534415893112     
          29          33   1.25299314066180     
           8          34   1.24850599770423     
          25          34   1.26093633945515     
          29          34   1.24227922072952     
           7          35   1.22358947036259     
           9          35   1.26865704009494     
           9          36   1.22601265480835     
          11          36   1.24736153689437     
          15          36   1.24256588742052     
          10          37   1.30426084244529     
          12          37   1.21487698775628     
          16          37   1.28102136386074     
          12          38   1.24645783205799     
          13          38   1.14697803335331     
          18          38   1.39005782101873     
           8          39   1.55708107573028     
          13          39   1.28692376561801     
          14          40   1.25328990795311     
          21          40   1.28024276714315     
          15          41   1.28224656657586     
          22          41   1.26377820145093     
          15          42   1.21490729045404     
          17          42   1.27641481603714     
          23          42   1.21865649847459     
          16          43   1.49705892941591     
          18          43   1.38985534406475     
          17          44   1.31773508285061     
          20          44   1.41070214603222     
          19          45   1.25906412659937     
          21          45   1.24091630534509     
          26          45   1.24806058079749     
          20          46   1.16989815003321     
          27          46   1.62640709873513     
          21          47   1.21150631043981     
          22          47   1.23801690941164     
          28          47   1.29088578654991     
          22          48   1.20254651167794     
          23          48   1.28749645524286     
          29          48   1.25047034266375     
          20          49   1.21883126078123     
          23          49   1.23640032986756     
          25          49   1.28598169693373     
           1          50  0.966951912989180     
           8          51  0.958866429493700     
          16          52  0.969452556257774     
          18          53  0.964402931740331     
          24          54  0.966531921369951     
          27          55  0.965117640459889     
          39          56  0.962698735373508     
          43          57  0.971066562640447     
           2          58  0.958705323652853     
           3          59  0.965956260179438     
           6          60  0.970958986571268     
           7          61  0.957803649562377     
          30          62  0.961766284458830     
          44          63  0.965827617038623     
          46          64  0.968010299390019     
           3          65   1.17067287815608     
           4          65   1.14516181248863     
          25          66   1.11768641748054     
          27          66   1.22956178950149     
          35          67   1.11834249860199     
          40          67   1.15638504544229     
          41          67   1.13774484672132     
          11          68   1.14474966468485     
          17          68   1.15877571493064     
           6          69   1.35793509743382     
          11          69   1.38534323273532     
          66          70  0.928999647398417     
          68          71  0.937065238657241     
          65          72  0.933150619984617     
          69          73  0.968890790943221     
