   -0.04050621
   -0.03634507
    0.00458771
   -0.02883557
    0.00556958
    0.00047889
   -0.03581907
    0.01285476
   -0.03760648
    0.00501493
   -0.00007064
   -0.02406064
    0.00607183
    0.00328322
    0.00410518
   -0.02659492
   -0.03200349
    0.00516499
    0.00066957
    0.00015689
   -0.07133615
   -0.00383174
   -0.00113759
   -0.07126945
    0.00006156
    0.00852411
   -0.11007136
   -0.07499467
    0.00818740
   -0.00033699
    0.00008724
    0.00918376
    0.00025743
   -0.00144542
   -0.00018264
    0.00852410
   -0.02522388
    0.00403040
   -0.03135433
    0.00440449
    0.00006366
   -0.03623172
    0.00002523
   -0.07126944
   -0.03581901
   -0.00093201
   -0.03135434
   -0.00057314
    0.00403038
    0.00006157
    0.01285475
   -0.00111852
   -0.00383171
    0.00126876
   -0.07133613
   -0.00104190
   -0.02522389
   -0.00113760
    0.00509477
    0.00066958
   -0.00085473
    0.00516501
    0.00016049
   -0.03200349
    0.00015685
   -0.03623172
    0.00501490
    0.00006364
   -0.03760642
    0.00440447
   -0.00007066
    0.00016050
    0.00918377
   -0.03634503
   -0.00085472
    0.00008725
    0.00509476
   -0.00033699
   -0.02659492
    0.00458769
   -0.00104188
    0.00126877
    0.00818741
   -0.00111853
   -0.07499465
    0.00410516
   -0.04050613
   -0.00057314
    0.00607182
   -0.00093201
   -0.02406065
    0.00002523
   -0.11007133
    0.00328321
   -0.00018264
    0.00556956
   -0.00144543
   -0.02883554
    0.00025740
    0.00047888
    0.04609313
    0.03567910
    0.03406981
   -0.11042828
    0.03444507
    0.03434311
    0.03369029
    0.03641297
    0.02848610
    0.01809668
    0.02216082
    0.03549938
    0.03655936
    0.03444506
    0.03549938
    0.02216082
   -0.11042826
    0.02848610
    0.03655935
    0.03434308
    0.03567910
    0.03641296
    0.04609310
    0.03369027
    0.01809667
    0.03406975
   -0.10454221
   -0.10454218
    0.21273531
    0.21117083
    0.21273534
    0.21117080
