           1           7   1.57052664643549     
           3           7   1.27221115771442     
           1           8   1.26442759922906     
           2           9   1.53739232283025     
           5           9   1.30103284655663     
           2          10   1.29672226922631     
           3          10   1.18359122519278     
           6          10   1.28120874578668     
           3          11   1.29741128760404     
           4          17   1.48181594417803     
          12          17   1.39825530746317     
           4          18   1.33157593582179     
           5          18   1.15512250207945     
          13          18   1.29382180843478     
           5          19   1.30231103678729     
           6          19   1.24841740022880     
          14          19   1.20399717578497     
           6          20   1.22287892068440     
          12          21   1.41988683960026     
          13          21   1.27782642822181     
          13          22   1.18035321182785     
          14          22   1.30478258437692     
          15          22   1.24772390217097     
          14          23   1.23597829664761     
          15          24   1.20666421518365     
          16          24   1.50840277108877     
          15          25   1.27949721322937     
          16          26   1.25833691740766     
           8          28   1.24925914576723     
           8          30   1.25570463619114     
          11          30   1.23906966222460     
          11          33   1.21704241621177     
          20          33   1.27717400111288     
          27          37   1.73741893129635     
          29          37   1.14364985102437     
          28          38   1.37159691963530     
          29          38   1.15325412142862     
          31          38   1.22914344011022     
          29          39   1.52147452432278     
          32          39   1.22959457328910     
          30          40   1.25507922835002     
          31          40   1.26064936436486     
          34          40   1.22829717839306     
          31          41   1.25964874208260     
          32          41   1.20239186473528     
          35          41   1.27078287491352     
          32          42   1.38676387198805     
          36          42   1.33167753409313     
          20          43   1.24291286601494     
          23          43   1.23254187965433     
          23          52   1.27613873009541     
          25          52   1.23053317659051     
          25          59   1.24580461865664     
          26          59   1.22325168063824     
          26          66   1.33167761532013     
          33          72   1.24802018063840     
          34          72   1.23723844717924     
          46          72   1.26070516898347     
          47          73   1.22959457220930     
          66          73   1.38676374474319     
          68          73   1.20239198829007     
          67          74   1.29672274448123     
          69          74   1.53739178659486     
          34          75   1.27863842739968     
          35          75   1.22320068904687     
          48          75   1.24214913844636     
          49          76   1.22914347138816     
          68          76   1.25964863091168     
          70          76   1.26064949580207     
          35          77   1.26281129126597     
          36          77   1.22325172249801     
          50          77   1.24580467845198     
          51          78   1.25570464969306     
          70          78   1.25507907513084     
          71          78   1.23906975317122     
          36          79   1.25833698265086     
          44          79   1.50840259996140     
          45          80   1.27221136869816     
          67          80   1.18359071049878     
          71          80   1.29741126740798     
          43          81   1.26721267585781     
          46          81   1.24175997435979     
          54          81   1.23711164559355     
          46          82   1.24264124336784     
          48          82   1.26460162131535     
          56          82   1.23711169126099     
          47          83   1.52147443889255     
          49          83   1.15325419316885     
          57          83   1.14364987680468     
          48          84   1.23772822100187     
          50          84   1.23053327020905     
          58          84   1.27613877317370     
          49          85   1.37159673272904     
          51          85   1.24925919919505     
          44          86   1.20666442006820     
          50          86   1.27949712458665     
          53          86   1.24772367462945     
          45          87   1.57052641430219     
          51          87   1.26442749368005     
          52          88   1.23772839009714     
          54          88   1.26460158805549     
          61          88   1.24214901336779     
          53          89   1.18035326632984     
          55          89   1.27782654755939     
          62          89   1.29382155542491     
          54          90   1.24264128802034     
          56          90   1.24176004922011     
          63          90   1.26070506871797     
          55          91   1.41988679839429     
          64          91   1.39825537088615     
          56          92   1.26721251380535     
          58          92   1.23254189669531     
          65          92   1.24291305703889     
          57          93   1.73741895707514     
          53          94   1.30478280881667     
          58          94   1.23597825461330     
          60          94   1.20399695770542     
          59          95   1.26281139551449     
          61          95   1.22320070934810     
          68          95   1.27078277315128     
          60          96   1.30231109499364     
          62          96   1.15512240527783     
          69          96   1.30103305158846     
          61          97   1.27863849997177     
          63          97   1.23723843785815     
          70          97   1.22829711600605     
          62          98   1.33157617640093     
          64          98   1.48181582724371     
          63          99   1.24802028966829     
          65          99   1.27717391347136     
          71          99   1.21704231162855     
          60         100   1.24841753518853     
          65         100   1.22287875714564     
          67         100   1.28120874229227     
           1         101  0.960187445412655     
           2         102  0.958686086675510     
           4         103  0.958810262089766     
           7         105  0.958606345486426     
           9         106  0.958006491301983     
          12         107  0.969524257011361     
          16         108  0.965852815771890     
          17         109  0.969815894908708     
          27         110  0.972475422603801     
          37         111  0.964268385555260     
          39         112  0.964094306225331     
          42         113  0.965162320491759     
          45         114  0.958606985987011     
          47         115  0.964094325607587     
          57         116  0.964268394838069     
          64         118  0.969815899390616     
          66         119  0.965162333574393     
          69         120  0.958006422890840     
          74         121  0.958686751931985     
          79         122  0.965852822565654     
          87         123  0.960187509652800     
          91         124  0.969524257191077     
          93         125  0.972475424367447     
          98         126  0.958810175936555     
          21         129   1.07509758576868     
          24         129   1.06267274843110     
         127         129  0.970032734571925     
          27         130   1.09664708329415     
          28         130   1.06401054624865     
         104         130  0.962673467675365     
          44         131   1.06267274268013     
          55         131   1.07509748698921     
         128         131  0.970032733326305     
          85         132   1.06401063573002     
          93         132   1.09664700336335     
         117         132  0.962673528940304     
