   -0.03752478
   -0.03598385
    0.00539408
    0.21088737
    0.01331190
    0.00030726
   -0.02841210
   -0.03559736
    0.00691712
   -0.03988178
    0.00545062
    0.00049983
   -0.02502692
    0.00464176
    0.00422529
   -0.03123071
    0.00087806
   -0.03512692
   -0.11024657
   -0.07466753
   -0.00047710
    0.00064539
    0.00772968
    0.00040621
   -0.00133551
    0.00847323
   -0.00073685
    0.00798109
   -0.03164513
    0.00547194
   -0.07091881
    0.00080261
   -0.00398443
   -0.07235616
   -0.00018642
   -0.00042780
   -0.00042837
    0.00644296
   -0.02304220
    0.00590284
    0.21191494
    0.00400500
    0.00675997
   -0.02545689
    0.00108111
   -0.07232500
   -0.03372518
   -0.00047606
    0.21304008
   -0.00155311
    0.00827538
    0.00108830
    0.01156906
    0.00076897
   -0.00318322
    0.00030960
   -0.06736183
    0.00232446
   -0.02302615
   -0.00195201
   -0.02783364
    0.00515649
    0.00697158
    0.00231527
   -0.06516270
    0.00678315
   -0.11249027
   -0.00031432
   -0.02632760
    0.01570729
    0.00610995
   -0.04217130
    0.00531643
    0.19180265
    0.00096181
   -0.07152737
   -0.03177941
   -0.00114276
   -0.00458057
    0.00711960
   -0.07994865
   -0.02282387
   -0.06087134
   -0.00136057
    0.20790806
    0.00078589
   -0.07231264
   -0.00035335
    0.00680140
    0.00224747
   -0.03810383
   -0.00054720
    0.00626636
    0.00059526
   -0.02128402
    0.00044502
   -0.03249477
    0.00064555
   -0.00199961
    0.02166039
   -0.00679688
    0.21412607
   -0.07721009
    0.00149005
    0.03537292
    0.03507344
   -0.11039000
    0.03477806
    0.03680162
    0.04714117
    0.02249130
    0.03581009
    0.03706532
    0.01828256
    0.02943627
    0.03503776
   -0.10378134
    0.03827764
    0.02316551
   -0.10551947
    0.03287729
    0.03381134
    0.01568253
    0.03615659
    0.04995941
    0.03906489
    0.03886451
   -0.10836156
    0.03097554
    0.02479457
    0.02744986
   -0.11130616
