           1           8   1.54746343556025     
           3           8   1.28733150888038     
           1           9   1.29232034219070     
           2          10   1.57737566355576     
           5          10   1.25782578344639     
           2          11   1.26654129924186     
           3          11   1.19260977607393     
           6          11   1.29198631426010     
           3          12   1.28005356522220     
           4          19   1.09895688167589     
          13          19   1.73510699583550     
           4          20   1.06291514811515     
           5          20   1.25615130570410     
          14          20   1.36338689208115     
           5          21   1.25524934342166     
           6          21   1.23989173456308     
          15          21   1.25465826584022     
           6          22   1.22113607272513     
          13          23   1.14477375644349     
          14          23   1.15406289171161     
          16          23   1.51926631282505     
          14          24   1.23455375711796     
          15          24   1.26261381607220     
          17          24   1.25165593331452     
          15          25   1.22686686837145     
          16          26   1.23138628811102     
          17          26   1.20168178850730     
          18          26   1.38533218226511     
          17          27   1.27885275535094     
          18          28   1.33343691372400     
           7          29   1.48659143098846     
           7          30   1.32658200029629     
           9          30   1.16310558262516     
           9          32   1.30061700279563     
          12          32   1.24842627462116     
          12          35   1.22406465100958     
          22          35   1.28404278577946     
          29          39   1.39327448841614     
          31          39   1.42377011189629     
          30          40   1.28918282957691     
          31          40   1.27453792673720     
          33          40   1.18786013046866     
          31          41   1.07348606666157     
          34          41   1.06568074457478     
          32          42   1.20547966051607     
          33          42   1.31806491597729     
          36          42   1.22173573171549     
          33          43   1.22624609786925     
          34          43   1.23337826027788     
          37          43   1.27338975122994     
          34          44   1.47119826997464     
          38          44   1.29250855255422     
          22          45   1.23675831198305     
          25          45   1.24845426509331     
          25          54   1.26728591841065     
          27          54   1.21679128612808     
          27          62   1.25939479248541     
          28          62   1.22004482884567     
          28          69   1.25966644068092     
          35          75   1.23429257608250     
          36          75   1.24937851338344     
          48          75   1.25863763554027     
          49          76   1.06042521094347     
          69          76   1.50672150601453     
          71          76   1.20961351525924     
          70          77   1.21290677642465     
          72          77   1.63571185679999     
          36          78   1.27079783009065     
          37          78   1.23182680067897     
          50          78   1.24234087595050     
          51          79   1.19270683365694     
          71          79   1.23542469692483     
          73          79   1.30484952814317     
          37          80   1.24987578553724     
          38          80   1.24835745078643     
          52          80   1.23561423648346     
          53          81   1.38746296586543     
          73          81   1.23169441188167     
          74          81   1.08236076990124     
          38          82   1.26507003920059     
          46          82   1.49763774204860     
          47          83   1.24757631807788     
          70          83   1.35411628204357     
          74          83   1.04147277159184     
          45          84   1.25980057419582     
          48          84   1.24196564996288     
          56          84   1.24366791182965     
          46          85   1.05652631331183     
          57          85   1.08879949573475     
          48          86   1.24295429583213     
          50          86   1.27399432487265     
          58          86   1.22884240484106     
          49          87   1.07665659923473     
          51          87   1.27627455771398     
          59          87   1.42264580812888     
          50          88   1.22482608656875     
          52          88   1.24941620639512     
          60          88   1.26848044211695     
          51          89   1.27471384156184     
          53          89   1.17913549826962     
          61          89   1.32153399260412     
          46          90   1.21522379183973     
          52          90   1.26652792038808     
          55          90   1.25505876922751     
          47          91   1.60661289419345     
          53          91   1.18643785326394     
          54          92   1.25904590673770     
          56          92   1.26764577217669     
          64          92   1.21211424978424     
          55          93   1.15811081113903     
          57          93   1.35852312778205     
          65          93   1.24467733419828     
          56          94   1.23290869458244     
          58          94   1.26412240157346     
          66          94   1.24687112799835     
          57          95   1.20755670444661     
          67          95   1.66698904736482     
          58          96   1.24565212501293     
          60          96   1.24392235471979     
          68          96   1.25504893089820     
          59          97   1.39030634128684     
          61          97   1.48924826891728     
          55          98   1.31062997651090     
          60          98   1.22963453007415     
          63          98   1.20642199319202     
          62          99   1.25321706553941     
          64          99   1.21348232271880     
          71          99   1.28569427735053     
          63         100   1.18119551424826     
          65         100   1.37925778941262     
          72         100   1.20358532024388     
          64         101   1.32191302319424     
          66         101   1.19257611566942     
          73         101   1.21043865710802     
          65         102   1.02298814290012     
          67         102   1.11571552210058     
          66         103   1.30206609697798     
          68         103   1.31365459336604     
          74         103   1.06810246680875     
          63         104   1.35619982706449     
          68         104   1.18199563090888     
          70         104   1.18138055356476     
           1         105  0.957703186457665     
           2         106  0.958267909107072     
           4         107  0.962443831322726     
           7         108  0.958574663585925     
           8         109  0.958323722734082     
          10         110  0.959824771727899     
          13         111  0.964258365341417     
          16         112  0.964007385237369     
          18         113  0.964917217620901     
          19         114  0.972473014622787     
          29         115  0.969740141601430     
          39         116  0.969418802893145     
          41         117  0.970214129786619     
          44         118  0.965576153709502     
          47         119  0.958593559320531     
          49         120  0.969824715377071     
          59         121  0.969576401001779     
          61         122  0.959199920417563     
          67         123  0.972592675766394     
          69         124  0.965701063168682     
          72         125  0.955843864150198     
          77         126  0.959671468558242     
          82         127  0.965346534600933     
          85         128  0.968707009664335     
          91         129  0.959819002106755     
          95         130  0.966413426713984     
          97         131  0.969787761703912     
         102         132  0.959221489437902     
