   -0.06915454
   -0.02879670
   -0.05204868
    0.00275393
   -0.12103939
    0.06872610
   -0.01325271
    0.00257282
   -0.08946304
    0.06613448
   -0.01677572
    0.00239470
   -0.07838353
    0.01584584
   -0.01968395
    0.05649205
   -0.08973029
    0.05617642
    0.01179991
    0.04680129
   -0.29602589
    0.09866772
   -0.02597959
    0.00640110
   -0.06571799
    0.08674354
   -0.01539060
   -0.00281451
   -0.04324928
    0.01065180
   -0.00344858
    0.00235868
   -0.03245436
   -0.04725141
   -0.01607250
   -0.03680629
   -0.05069687
    0.03731194
   -0.01613823
    0.05404731
    0.02320651
    0.04723260
   -0.00895044
    0.00437479
   -0.01808467
   -0.00216938
   -0.01636772
   -0.00030439
   -0.00426246
    0.00008354
   -0.01494599
    0.00335790
   -0.00619071
   -0.00033996
   -0.00962249
   -0.00097347
   -0.00451305
   -0.00050782
   -0.00506267
   -0.00319435
   -0.00851499
   -0.00902183
   -0.00143631
    0.00069110
    0.00309489
   -0.00702436
   -0.03481010
   -0.05088432
   -0.01409237
   -0.04477947
   -0.03998585
   -0.02121673
   -0.00941274
   -0.00071481
   -0.00121266
   -0.00864314
   -0.00613020
   -0.00607368
   -0.00448461
   -0.00380362
   -0.00419276
   -0.00045987
   -0.00273519
   -0.00336214
   -0.00481907
   -0.00025894
   -0.00317150
   -0.00211847
   -0.00463212
   -0.00140117
   -0.00192537
   -0.00151429
    0.03894510
   -0.01039630
   -0.00381388
   -0.01376402
    0.02887059
    0.04406822
    0.05119360
   -0.03005275
   -0.04629035
   -0.04864970
    0.04584244
   -0.05438650
   -0.03073347
   -0.01713993
    0.04432995
    0.02485243
    0.05421704
   -0.01592093
   -0.00337520
   -0.01738940
    0.00386540
   -0.00756860
   -0.00098403
   -0.00367869
   -0.00140717
   -0.00504888
   -0.00256119
   -0.00281078
   -0.00091072
   -0.00398942
   -0.00068978
   -0.00372109
    0.00010653
   -0.00452871
   -0.00484986
   -0.00337664
   -0.00512822
   -0.00697251
    0.03688562
   -0.00232202
    0.00101151
   -0.01452000
   -0.09527088
    0.01899428
    0.00261636
   -0.04952564
   -0.03045117
   -0.04839424
   -0.00086367
   -0.00676478
    0.01372935
   -0.08409523
    0.00732765
   -0.01347393
    0.06422459
   -0.12335763
    0.00204893
   -0.01624196
    0.06657560
   -0.08228757
   -0.00079828
   -0.01383445
    0.01601528
   -0.08339957
    0.00244207
   -0.01325656
    0.06684120
   -0.12341416
    0.00110433
   -0.01219589
    0.06481371
   -0.08090269
    0.00390597
   -0.00363679
    0.01283011
   -0.04455272
   -0.04890752
   -0.03057377
    0.02354825
    0.03118220
    0.03045481
    0.16662348
    0.02143442
    0.03583808
    0.04706222
    0.03748621
    0.02507992
    0.04058261
    0.04465549
    0.02944918
    0.02997761
    0.04479135
    0.04266284
    0.02398101
    0.02447487
    0.02377124
    0.01968572
    0.16328601
    0.01860208
    0.01780411
    0.16237985
    0.02039161
    0.02598243
    0.02566041
    0.01987026
    0.01972576
    0.03220089
    0.02344523
    0.04666365
    0.02100525
    0.17387223
    0.04421501
    0.01845168
