           1           2   1.39262436313418     
           2           3   1.48665493303513     
           3           4   1.31709037522904     
           1           6   1.38305655610078     
           5           6   1.15320525913744     
           4           7   1.27510036745750     
           6           7   1.24872373963674     
           7           8   1.20677925418756     
           5          10   1.13876419358697     
           9          10   1.47445950054158     
           8          11   1.26608540011190     
          10          11   1.17598615743545     
          11          12   1.26307352361633     
           9          14   1.23770920322342     
          13          14   1.42084971429369     
          12          15   1.25279357290762     
          14          15   1.15863451018087     
          15          16   1.30488905154059     
          13          18   1.25890521942548     
          17          18   1.43170192287764     
          16          19   1.16386349973928     
          18          19   1.08640229848820     
          19          20   1.13179442114806     
          17          22   1.24267894400021     
          21          22   1.43932382573048     
          20          23   1.33411923926998     
          22          23   1.12981496856146     
          23          24   1.23805453915588     
          21          26   1.24436400988049     
          25          26   1.39682864829430     
          24          27   1.26653526106233     
          26          27   1.16841736491677     
          27          28   1.27974600246548     
          25          30   1.30397063931484     
          29          30   1.28542629573039     
          28          31   1.25482126799049     
          30          31   1.22834951593246     
          31          32   1.25168100296258     
          29          33   1.50316916016645     
          32          34   1.39910042877480     
          33          34   1.38351915694795     
           4          35   1.17826483350397     
          35          36   1.21266124840968     
          36          37   1.59812058893819     
          37          38   1.23686572042956     
           8          39   1.26491068183392     
          35          40   1.32873457575589     
          39          40   1.21936159342475     
          38          41   1.10997741496622     
          40          41   1.15059820758565     
          41          42   1.14914737536727     
          12          43   1.23812047586856     
          39          44   1.24509854667835     
          43          44   1.26234013058657     
          42          45   1.27076620602740     
          44          45   1.23143784564744     
          45          46   1.22009407233165     
          16          47   1.24097101898635     
          43          48   1.23908457085605     
          47          48   1.26323136646198     
          46          49   1.24096529913441     
          48          49   1.24265853155256     
          49          50   1.25536610331985     
          20          51   1.23455461977356     
          47          52   1.22014389591508     
          51          52   1.23837795500294     
          50          53   1.23104398900662     
          52          53   1.28260954639470     
          53          54   1.22560891937003     
          24          55   1.25097282235535     
          51          56   1.25504231604904     
          55          56   1.26053449313756     
          54          57   1.26759962409830     
          56          57   1.23145819901719     
          57          58   1.23826628772680     
          28          59   1.21732204297207     
          55          60   1.22918047449604     
          59          60   1.29477393905213     
          58          61   1.23917971203236     
          60          61   1.22258447625218     
          61          62   1.26912133453366     
          32          63   1.13622117210144     
          59          64   1.22123752169678     
          63          64   1.26651379860471     
          62          65   1.21948612583948     
          64          65   1.26668427547654     
          65          66   1.25021246268155     
          63          67   1.34180480865360     
          66          68   1.30895041427623     
          67          68   1.49203813706748     
          38          69   1.29739291729213     
          69          70   1.21736965501638     
          70          71   1.60839021397706     
          71          72   1.22782603910427     
          42          73   1.26175299992471     
          69          74   1.21337921063559     
          73          74   1.21279833486057     
          72          75   1.19973707883388     
          74          75   1.30720509882186     
          75          76   1.22702149978368     
          46          77   1.28049686180194     
          73          78   1.26005838136138     
          77          78   1.22445851042110     
          76          79   1.25289364796650     
          78          79   1.24996322224116     
          79          80   1.23446198234881     
          50          81   1.25779052653630     
          77          82   1.23661534546519     
          81          82   1.25293900666261     
          80          83   1.22708317589168     
          82          83   1.25420379155688     
          83          84   1.25909850650324     
          54          85   1.25288323865553     
          81          86   1.23002247754441     
          85          86   1.23629548850685     
          84          87   1.23101504949736     
          86          87   1.27709708600148     
          87          88   1.23408132394280     
          58          89   1.27096080179223     
          85          90   1.25051590278877     
          89          90   1.24109207486924     
          88          91   1.25053349388346     
          90          91   1.25284680737402     
          91          92   1.23841669170047     
          62          93   1.24838587530930     
          89          94   1.22553771113142     
          93          94   1.25592126811491     
          92          95   1.24042200553721     
          94          95   1.25755210874834     
          95          96   1.22376636229688     
          66          97   1.19892945211710     
          93          98   1.15163589501186     
          97          98   1.15479007503716     
          96          99   1.27285208745678     
          98          99   1.17312737098794     
          99         100   1.23146669303632     
          97         101   1.24742520317496     
         100         102   1.18417530881211     
         101         102   1.59882142008463     
          72         103   1.28837267478587     
         103         104   1.24407570715978     
         104         105   1.57675739106675     
         105         106   1.24432361785822     
          76         107   1.25591493310886     
         103         108   1.13148907013735     
         107         108   1.12925731229966     
         106         109   1.31479013937701     
         108         109   1.15601455876949     
         109         110   1.22430273327336     
          80         111   1.28333414957229     
         107         112   1.29299105786804     
         111         112   1.21811112576710     
         110         113   1.27227348864017     
         112         113   1.21309443114280     
         113         114   1.25470737653167     
          84         115   1.25189848159462     
         111         116   1.23673661845629     
         115         116   1.25180129492560     
         114         117   1.21754761456796     
         116         117   1.25222408219103     
         117         118   1.27262324527843     
          88         119   1.25917325370940     
         115         120   1.24146008820352     
         119         120   1.23507195731507     
         118         121   1.24477131164252     
         120         121   1.26681229618819     
         121         122   1.23334877687202     
          92         123   1.26581449636308     
         119         124   1.24692622909263     
         123         124   1.25342028127005     
         122         125   1.26785480401958     
         124         125   1.24251468971901     
         125         126   1.23613051453135     
          96         127   1.24276790378752     
         123         128   1.21842803694371     
         127         128   1.25160203912268     
         126         129   1.22823653370248     
         128         129   1.27284433383784     
         129         130   1.23487870899708     
         100         131   1.30669421342421     
         127         132   1.24037608937594     
         131         132   1.25146123142064     
         130         133   1.31939439496586     
         132         133   1.26102782129497     
         133         134   1.13464113685869     
         131         135   1.11015969023680     
         134         136   1.51916096782283     
         135         136   1.22981979862710     
         106         137   1.15545034170297     
         137         138   1.36949143676768     
         138         139   1.41465152369829     
         139         140   1.47095583488920     
         110         141   1.22802187284481     
         137         142   1.25541439376511     
         141         142   1.24819568956159     
         140         143   1.31415867258164     
         142         143   1.24195306729241     
         143         144   1.25600969116891     
         114         145   1.26794941712065     
         141         146   1.27402493864495     
         145         146   1.25244784219692     
         144         147   1.46523388002907     
         146         147   1.19070254180161     
         147         148   1.13637446262309     
         118         149   1.22071440973253     
         145         150   1.22532263684218     
         149         150   1.27722926002403     
         148         151   1.14911622429224     
         150         151   1.21362042283009     
         151         152   1.42225888117638     
         122         153   1.23880751364696     
         149         154   1.25779585371810     
         153         154   1.24409689757085     
         152         155   1.29711818576548     
         154         155   1.23405409694093     
         155         156   1.27479116021931     
         126         157   1.28031491228968     
         153         158   1.26997572715338     
         157         158   1.25544587663265     
         156         159   1.44638165468411     
         158         159   1.19553191951490     
         159         160   1.14601156581649     
         130         161   1.18889168578445     
         157         162   1.20085420867412     
         161         162   1.32493382648316     
         160         163   1.13906086681549     
         162         163   1.19905864225505     
         163         164   1.45399817229150     
         134         165   1.11209995986357     
         161         166   1.23416285413517     
         165         166   1.25902972473669     
         164         167   1.26983803859270     
         166         167   1.24998850120932     
         167         168   1.29231086700697     
         165         169   1.41534983993601     
         168         170   1.50532463935607     
         169         170   1.37961248238457     
           1         171  0.968155249520847     
           2         172  0.971002328228222     
           3         173  0.962334414900389     
           5         174  0.937515986214749     
           9         175  0.965539076630500     
          13         176  0.965842975665517     
          17         177  0.964739104987475     
          25         178  0.966866487921827     
          29         179  0.969320541926797     
          36         180  0.960495475953724     
          37         181  0.956679083728698     
          70         182  0.959324844893484     
          71         183  0.959098647383147     
         104         184  0.957047542870569     
         105         185  0.959820631178893     
         138         186  0.962594554960626     
         139         187  0.970957304001517     
         140         188  0.969531779585319     
         144         189  0.965641284503869     
         148         190  0.939097277289472     
         152         191  0.966159624156932     
         156         192  0.966096253038723     
         160         193  0.939347964213042     
         164         194  0.965640279824967     
         168         195  0.969215185459195     
         170         196  0.970881806627526     
          33         197  0.970974478826139     
          34         198  0.963855077654402     
          67         199  0.962022072293591     
          68         200  0.959980140622874     
         101         201  0.956466924857080     
         102         202  0.958676637869460     
         135         203  0.929782719751888     
         136         204  0.958551971234189     
         169         205  0.965474814121648     
