    0.00387200
   -0.00086383
   -0.00086382
    0.00387201
   -0.03662246
   -0.03662247
    0.00151544
   -0.00064423
    0.00151544
   -0.03724946
   -0.03724947
   -0.04511715
   -0.04511714
   -0.02992479
    0.01235113
    0.01123279
    0.01235113
   -0.02992479
    0.00617867
    0.00064398
    0.00064398
    0.00617867
   -0.03711788
    0.00111448
   -0.00098165
    0.00111448
   -0.03711787
    0.00617867
    0.00064398
    0.00064398
    0.00617866
   -0.02992479
   -0.02992479
    0.01235113
    0.01123279
    0.01235113
   -0.03724946
   -0.04511714
   -0.04511715
   -0.03724947
   -0.03662246
    0.00151544
   -0.00064423
    0.00151544
   -0.03662247
    0.00387201
   -0.00086382
   -0.00086383
    0.00387200
   -0.03711787
    0.00111448
   -0.00098165
    0.00111448
   -0.03711788
    0.03228339
    0.03228339
    0.02925317
    0.03267329
    0.02925317
    0.02925317
    0.03228339
    0.03267329
    0.02925317
    0.03267329
    0.03228339
    0.03267329
    0.03081339
    0.03081340
    0.03139317
    0.03139317
    0.03081339
    0.03139317
    0.03139317
    0.03081339
