           1          28   1.13250373029224     
           6          28   1.38974032194864     
           7          28   1.26716408986162     
           2          29   1.22457802171695     
           7          29   1.25045790880623     
           8          29   1.27987272187589     
           3          30   1.22457801418959     
           8          30   1.27987274367437     
           9          30   1.25045789538689     
           4          31   1.13250372042552     
           5          31   1.38974031925298     
           9          31   1.26716409928146     
           5          32   1.38077418567133     
          10          32   1.50913589185830     
           6          33   1.38077418007954     
          11          33   1.50913589246123     
           7          34   1.21274212266754     
          11          34   1.26842564250487     
          12          34   1.34235235487757     
           8          35   1.17590958055938     
          12          35   1.32632691091713     
          13          35   1.32632693603241     
           9          36   1.21274214152670     
          10          36   1.26842564285341     
          13          36   1.34235232535627     
          14          37   1.50913589755259     
          15          37   1.26842563680822     
          15          38   1.34235235349155     
          16          38   1.32632689560306     
          16          39   1.32632695046432     
          17          39   1.34235232528837     
          17          40   1.26842565089900     
          18          40   1.50913588619392     
          14          41   1.38077418011800     
          19          41   1.38974031648125     
          15          42   1.21274212659745     
          19          42   1.26716409395892     
          20          42   1.25045790415638     
          16          43   1.17590958274672     
          20          43   1.27987272314560     
          21          43   1.27987273933936     
          17          44   1.21274213805053     
          21          44   1.25045789840203     
          22          44   1.26716409320960     
          18          45   1.38077418830428     
          22          45   1.38974032409392     
          19          46   1.13250373205223     
          23          46   1.35729013352705     
          24          46   1.27357436167222     
          20          47   1.22457802468976     
          24          47   1.23489829970115     
          25          47   1.27422111660170     
          21          48   1.22457801675703     
          25          48   1.27422110845177     
          26          48   1.23489831404684     
          22          49   1.13250372195493     
          26          49   1.27357433877665     
          27          49   1.35729017116179     
           1          50   1.35729013360556     
          23          50   1.47151411181187     
           1          51   1.27357436387328     
           2          51   1.23489830286133     
          24          51   1.24498369352127     
           2          52   1.27422111834291     
           3          52   1.27422110474696     
          25          52   1.20095441852118     
           3          53   1.23489831769486     
           4          53   1.27357433676554     
          26          53   1.24498370427479     
           4          54   1.35729017082993     
          27          54   1.47151406886109     
           5          55  0.961971053944072     
           6          56  0.961971050311182     
          18          57  0.970228007180833     
          27          58  0.960673147478253     
          32          59  0.970228009125340     
          33          60  0.970228007718344     
          45          61  0.961971051572397     
          54          62  0.960673146022125     
          14          63  0.970228008698968     
          23          64  0.960673144164475     
          41          65  0.961971053471079     
          50          66  0.960673145174646     
          10          67  0.968749719337760     
          11          68  0.968749716068273     
          12          69  0.966164825544780     
          13          70  0.966164829084133     
          37          71  0.968749718661765     
          38          72  0.966164829766895     
          39          73  0.966164825072114     
          40          74  0.968749715746233     
