   -0.03595847
   -0.03729305
    0.00583277
   -0.04295173
    0.00397523
    0.00164386
   -0.03510793
   -0.00202036
   -0.03731193
    0.00466810
    0.00260457
   -0.04374850
    0.00029434
   -0.00281860
   -0.00149113
   -0.05476175
   -0.02907763
    0.00627205
    0.00210513
   -0.00005452
    0.04694116
    0.00346251
    0.00031922
    0.04462263
    0.00054090
    0.01260649
   -0.00021379
    0.03358099
    0.01226130
    0.00200859
   -0.00070604
    0.01245446
   -0.00115941
    0.00009395
    0.00145209
    0.01260581
   -0.04147042
    0.00258278
   -0.05307410
   -0.00473262
    0.00040578
   -0.05007744
   -0.00059959
    0.04462220
   -0.03510992
   -0.00027882
   -0.05307336
   -0.00072232
    0.00258330
    0.00054124
   -0.00202088
    0.00043193
    0.00346357
   -0.00116307
    0.04694066
    0.00010627
   -0.04147058
    0.00031988
   -0.00471261
    0.00210595
    0.00024320
    0.00627257
   -0.00040426
   -0.02907813
   -0.00005410
   -0.05007765
    0.00466885
    0.00040616
   -0.03731725
   -0.00473190
    0.00260605
   -0.00040404
    0.01245418
   -0.03729482
    0.00024296
   -0.00070708
   -0.00471266
    0.00200829
   -0.05475845
    0.00583517
    0.00010619
   -0.00116246
    0.01226099
    0.00043198
    0.03358060
   -0.00149072
   -0.03596050
   -0.00072247
    0.00029672
   -0.00027800
   -0.04374879
   -0.00059887
   -0.00021356
   -0.00281903
    0.00145152
    0.00397479
    0.00009403
   -0.04295089
   -0.00115658
    0.00164674
    0.04516023
    0.03477827
    0.03800536
    0.03698309
    0.03491689
    0.04143134
    0.03996295
    0.03626464
    0.05016399
    0.04223767
    0.02961889
    0.03228725
    0.03698196
    0.02961900
    0.04223746
    0.03626559
    0.03228693
    0.03491979
    0.03477671
    0.03996456
    0.04516146
    0.04143277
    0.05016393
    0.03800531
   -0.11089623
   -0.07052736
   -0.11088139
   -0.07052898
