           1           7   1.56860495384616     
           3           7   1.27262721828009     
           1           8   1.26341773096423     
           2           9   1.53757670805150     
           5           9   1.29880995532371     
           2          10   1.29723370592056     
           3          10   1.18254535918866     
           6          10   1.28078758884829     
           3          11   1.29702408057390     
           4          17   1.47929666557933     
          12          17   1.39536148025887     
           4          18   1.33828518778416     
           5          18   1.15532892449492     
          13          18   1.27645917634415     
           5          19   1.30457002762092     
           6          19   1.24845243034893     
          14          19   1.20127986984322     
           6          20   1.22308970454408     
          12          21   1.42283490356048     
          13          21   1.29464578481674     
          13          22   1.17693991922845     
          14          22   1.30542867517405     
          15          22   1.24555962486041     
          14          23   1.23599389873142     
          15          24   1.22101304396630     
          16          24   1.51031281209728     
          15          25   1.26350983208670     
          16          26   1.25363064521743     
           8          28   1.25372230421098     
           8          30   1.25282138767205     
          11          30   1.24055096597464     
          11          33   1.21622457518000     
          20          33   1.27842738563596     
          27          37   1.74133848721971     
          29          37   1.14018351089032     
          28          38   1.38744240170277     
          29          38   1.15324774976320     
          31          38   1.21136312331407     
          29          39   1.52176171043245     
          32          39   1.22643446122483     
          30          40   1.25222953772862     
          31          40   1.26616542920753     
          34          40   1.22862364989577     
          31          41   1.26083911762343     
          32          41   1.20385134544910     
          35          41   1.26886480398243     
          32          42   1.38805720682263     
          36          42   1.32878319879672     
          20          43   1.24167004601847     
          23          43   1.23335189016363     
          23          52   1.27512924674737     
          25          52   1.23326359217626     
          25          59   1.24826303801588     
          26          59   1.22587472958815     
          26          66   1.32878831244990     
          33          72   1.24726196640137     
          34          72   1.23721396873900     
          46          72   1.26158940606305     
          47          73   1.22643859946498     
          66          73   1.38805489181398     
          68          73   1.20384706158736     
          67          74   1.29725143018705     
          69          74   1.53755296228286     
          34          75   1.27773850670200     
          35          75   1.22624206342350     
          48          75   1.24175860662099     
          49          76   1.21136806580113     
          68          76   1.26083958131836     
          70          76   1.26615517257877     
          35          77   1.26009338236088     
          36          77   1.22587698177719     
          50          77   1.24825644566522     
          51          78   1.25282550308953     
          70          78   1.25223493751073     
          71          78   1.24053921864270     
          36          79   1.25363505767430     
          44          79   1.51031865384439     
          45          80   1.27261661275823     
          67          80   1.18254846993213     
          71          80   1.29702943878390     
          43          81   1.26737684370075     
          46          81   1.24154468778089     
          54          81   1.23732187781623     
          46          82   1.24200329967924     
          48          82   1.26513460504769     
          56          82   1.23731686675407     
          47          83   1.52176005766360     
          49          83   1.15324631682874     
          57          83   1.14018448667508     
          48          84   1.23634902293624     
          50          84   1.23326115965210     
          58          84   1.27511964060431     
          49          85   1.38744176482026     
          51          85   1.25372446294636     
          44          86   1.22101545705818     
          50          86   1.26351762675302     
          53          86   1.24555031258007     
          45          87   1.56862217014989     
          51          87   1.26341424949394     
          52          88   1.23633743647965     
          54          88   1.26513314212188     
          61          88   1.24177151780617     
          53          89   1.17695210929947     
          55          89   1.29461933617513     
          62          89   1.27647872156227     
          54          90   1.24199888062918     
          56          90   1.24154047564933     
          63          90   1.26160011905543     
          55          91   1.42287143829223     
          64          91   1.39532889028148     
          56          92   1.26738629726321     
          58          92   1.23334652115768     
          65          92   1.24166745769165     
          57          93   1.74133683029014     
          53          94   1.30542052115654     
          58          94   1.23601227096243     
          60          94   1.20127539326462     
          59          95   1.26008922563038     
          61          95   1.22623630790096     
          68          95   1.26887197321990     
          60          96   1.30458590145657     
          62          96   1.15530682629758     
          69          96   1.29884262387292     
          61          97   1.27773251367333     
          63          97   1.23720941182145     
          70          97   1.22863246615858     
          62          98   1.33827105467054     
          64          98   1.47932133714544     
          63          99   1.24725375614977     
          65          99   1.27842719886008     
          71          99   1.21623499977557     
          60         100   1.24844472741798     
          65         100   1.22309615356767     
          67         100   1.28079465781235     
           1         101  0.954554238444337     
           2         102  0.960064577498131     
           4         103  0.958570864590058     
           7         104  0.959971234061522     
           9         105  0.958188734672680     
          12         106  0.966696451508208     
          16         107  0.963771510632201     
          17         108  0.969216549289938     
          27         109  0.961825855982440     
          37         110  0.955904941508889     
          39         111  0.965149422478856     
          42         112  0.965997134154037     
          45         113  0.959938548284880     
          47         114  0.965149296983025     
          57         115  0.955905067641150     
          64         116  0.969216005332068     
          66         117  0.965997232432720     
          69         118  0.958191323063582     
          74         119  0.960035154787980     
          79         120  0.963770799092446     
          87         121  0.954551049434381     
          91         122  0.966698375442414     
          93         123  0.961825644804443     
          98         124  0.958570809236394     
          44         125   1.05190572308963     
          55         125   1.05903574712953     
          27         126   1.10960191911617     
          28         126   1.05461070456597     
          21         127   1.05904874950838     
          24         127   1.05191894729330     
          85         128   1.05460711666171     
          93         128   1.10960256071278     
