   -0.03669802
   -0.03715822
    0.00428256
   -0.04550785
    0.00419987
    0.00151551
   -0.03606070
   -0.03679438
    0.00477301
   -0.03602193
    0.00531812
    0.00133164
   -0.05889632
   -0.01654651
   -0.00391133
   -0.01455466
   -0.07496377
   -0.02968135
    0.00560472
    0.00218291
    0.00012450
    0.14042427
    0.00636012
    0.00057786
    0.13583521
   -0.00134818
    0.01281491
   -0.02990384
    0.00625307
    0.01239365
    0.00152968
    0.00107514
    0.01204780
   -0.00045433
   -0.00043915
    0.00197805
    0.01281480
   -0.03629224
    0.00106563
   -0.04462790
    0.00007999
   -0.00097520
   -0.04843487
   -0.00059063
    0.13583552
   -0.03679429
   -0.00024133
   -0.04462767
   -0.00016149
    0.00106556
   -0.00134814
    0.00477304
   -0.00069822
    0.00636024
   -0.00062431
    0.14042403
   -0.00049593
   -0.03629205
    0.00057782
   -0.03606043
   -0.00310965
    0.00218294
   -0.00050787
    0.00560478
   -0.00018504
   -0.02968136
    0.00012451
   -0.04843471
    0.00531814
   -0.00097531
   -0.03602186
    0.00008000
    0.00133164
   -0.00018503
    0.01204812
   -0.03715825
   -0.00050783
    0.00107517
   -0.00310967
    0.00152966
   -0.07496429
    0.00428257
   -0.00049594
   -0.00062431
    0.01239394
   -0.00069817
    0.00625313
   -0.01455504
   -0.03669792
   -0.00016149
   -0.01654648
   -0.00024133
   -0.05889632
   -0.00059065
   -0.02990381
   -0.00391139
    0.00197808
    0.00419981
   -0.00043922
   -0.04550782
   -0.00045435
    0.00151551
    0.03328345
    0.03401232
    0.03787574
    0.03243379
    0.03333230
    0.03402231
    0.04854740
    0.04500298
    0.03934505
    0.02980687
    0.03164914
    0.03245244
    0.03299371
    0.03333219
    0.03245214
    0.03164893
    0.03243321
    0.03934511
    0.03299359
    0.03402224
    0.03401239
    0.04500277
    0.03328342
    0.04854745
    0.02980689
    0.03787575
   -0.23064112
   -0.23063940
