           1           8   1.48737516095127     
           3           8   1.33745308889755     
           1           9   1.34581897624740     
           2          10   1.49820556681719     
           5          10   1.33451944575448     
           2          11   1.33000359184704     
           3          11   1.15092449496892     
           6          11   1.28352249914023     
           3          12   1.27724908983724     
           4          18   1.47550215973997     
          13          18   1.40086542702790     
           4          19   1.34431239277240     
           5          19   1.14080133864378     
          14          19   1.29267163274835     
           5          20   1.28614401555023     
           6          20   1.25330640963524     
          15          20   1.21410903386085     
           6          21   1.21719736056570     
          13          22   1.39798059818387     
          14          22   1.27847549769861     
          14          23   1.17147852100383     
          15          23   1.27519847966795     
          16          23   1.28953093989051     
          15          24   1.25229782911303     
          16          25   1.18183109725702     
          17          25   1.52236065718613     
          16          26   1.25221794440687     
          17          27   1.21652739199883     
           7          28   1.38188270914920     
           7          29   1.39342940946454     
           9          29   1.13460133806374     
           9          31   1.27820390257057     
          12          31   1.24906683541314     
          12          34   1.22596522595053     
          21          34   1.24817835559731     
          28          38   1.50704311035538     
          30          38   1.27448546639973     
          29          39   1.26073449612029     
          30          39   1.21844415604618     
          32          39   1.25617512449682     
          30          40   1.32862730395918     
          33          40   1.35566805987256     
          31          41   1.22832310438771     
          32          41   1.22075330211439     
          35          41   1.28280485394000     
          32          42   1.27758808957470     
          33          42   1.18672545485712     
          36          42   1.26921690629330     
          33          43   1.28257359569799     
          37          43   1.41186515244473     
          21          44   1.27289903702875     
          24          44   1.22329673164740     
          24          53   1.26945509842835     
          26          53   1.23079150255489     
          26          61   1.27216161330724     
          27          61   1.19296108326725     
          27          68   1.41186434513221     
          34          74   1.26839524496683     
          35          74   1.21986929843604     
          47          74   1.25474091958536     
          48          75   1.35566783705432     
          68          75   1.28257493194981     
          70          75   1.18672501920573     
          69          76   1.33000364533224     
          71          76   1.49820520823730     
          35          77   1.24636456033677     
          36          77   1.22547571795085     
          49          77   1.26821157480619     
          50          78   1.25617580739345     
          70          78   1.27758719602097     
          72          78   1.22075414242134     
          36          79   1.26252853900300     
          37          79   1.19295949795667     
          51          79   1.27216284505430     
          52          80   1.27820390539600     
          72          80   1.22832316264529     
          73          80   1.24906689039424     
          37          81   1.21652832557146     
          45          81   1.52235859081185     
          46          82   1.33745308436341     
          69          82   1.15092466961184     
          73          82   1.27724900378470     
          44          83   1.24878096129468     
          47          83   1.24152443016886     
          55          83   1.25570796833079     
          47          84   1.25059310952369     
          49          84   1.23423417481791     
          57          84   1.25570836952957     
          48          85   1.32862860405970     
          50          85   1.21844329860530     
          58          85   1.27448563938282     
          49          86   1.24378630863533     
          51          86   1.23079174463027     
          59          86   1.26945423724047     
          50          87   1.26073432091205     
          52          87   1.13460120266300     
          60          87   1.39343007744327     
          45          88   1.18183032110051     
          51          88   1.25221676884858     
          54          88   1.28953189975403     
          46          89   1.48737523414650     
          52          89   1.34581885955702     
          53          90   1.24378568463843     
          55          90   1.23423463453456     
          63          90   1.26821179621402     
          54          91   1.17147920795233     
          56          91   1.27847562720328     
          64          91   1.29267074725406     
          55          92   1.25059317878647     
          57          92   1.24152440077896     
          65          92   1.25474086934097     
          56          93   1.39797988183988     
          66          93   1.40086651316195     
          57          94   1.24878064343419     
          59          94   1.22329738729679     
          67          94   1.27289865680684     
          58          95   1.50704292974592     
          60          95   1.38188260870509     
          54          96   1.27519749362018     
          59          96   1.25229793962924     
          62          96   1.21410957006839     
          61          97   1.26252830236678     
          63          97   1.22547535834328     
          70          97   1.26921796569313     
          62          98   1.28614339898939     
          64          98   1.14080117934155     
          71          98   1.33451999966959     
          63          99   1.24636472847456     
          65          99   1.21986989544344     
          72          99   1.28280405417595     
          64         100   1.34431356007525     
          66         100   1.47550082712124     
          65         101   1.26839482037975     
          67         101   1.24817872996813     
          73         101   1.22596526113632     
          62         102   1.25330655513699     
          67         102   1.21719745251666     
          69         102   1.28352228109563     
           1         103  0.960913815157056     
           2         104  0.960508528076342     
           4         105  0.962709682041882     
           7         106  0.962208444535745     
           8         107  0.960488869030581     
          10         108  0.962131287239448     
          13         109  0.968024404960026     
          17         110  0.965638545103231     
          18         111  0.970402234015375     
          28         112  0.970270189783141     
          38         113  0.968706876045446     
          40         114  0.966196974598229     
          43         115  0.966429379811493     
          46         116  0.960488885492861     
          48         117  0.966196561087653     
          58         118  0.968706684994365     
          60         119  0.962208444921188     
          66         120  0.970402246223085     
          68         121  0.966429130857401     
          71         122  0.962131337243436     
          76         123  0.960508611005064     
          81         124  0.965638620854811     
          89         125  0.960913960126524     
          93         126  0.968024370478615     
          95         127  0.970270108240391     
         100         128  0.962709748912125     
          22         129   1.05648589172228     
          25         129   1.04131226128073     
          45         130   1.04131519578824     
          56         130   1.05648548123605     
