   -0.04009278
   -0.03921411
   -0.03645309
   -0.02988021
    0.00672697
    0.01313631
    0.10148819
   -0.03696656
   -0.03706533
    0.01392551
    0.13002768
   -0.01673044
    0.00382595
    0.00541911
    0.00166408
   -0.00262179
   -0.05931435
    0.01171341
   -0.04579845
   -0.00354757
    0.01244756
   -0.00165544
   -0.00072734
    0.00154186
   -0.07410442
    0.00554714
   -0.01514328
   -0.03038425
   -0.00444476
    0.00147065
   -0.06760960
    0.13546121
   -0.03881552
    0.00625191
    0.00197996
    0.00593621
    0.00060896
   -0.00862563
    0.14016425
   -0.08016297
    0.00565058
   -0.03617981
    0.00222064
   -0.00192204
   -0.00131373
   -0.02980564
   -0.05191983
   -0.00109306
   -0.03814227
    0.00047637
    0.00051328
   -0.00093624
    0.03249052
    0.03451961
    0.04819105
    0.03788945
    0.04527253
    0.02842936
    0.03067976
    0.03410778
    0.03909676
    0.03130487
    0.03424373
    0.03004932
    0.05346334
    0.03193707
    0.04524880
    0.04318895
    0.03121730
    0.03038704
   -0.20871667
   -0.23052787
