           1           4   1.41945299818506     
           2           4   1.46514768964232     
           1           5   1.37818996205353     
           2           6   1.32944479738201     
           3           8   1.53748078357687     
           3          14   1.30318986568903     
           5          14   1.14358491235226     
           5          20   1.26284802705234     
           6          20   1.24908775471468     
           6          25   1.23356070284894     
           7          31   1.69407545129929     
          10          31   1.14952832543614     
          25          32   1.51334544025155     
          27          32   1.18939830879246     
          26          33   1.39455664979750     
          28          33   1.39478911465054     
          12          34   1.17234920495096     
          27          34   1.27011752194827     
          29          34   1.29550529487556     
          13          35   1.28896919266735     
          29          35   1.20593569878227     
          30          35   1.25872416115922     
           9          36   1.33750847977575     
          26          36   1.13271896984618     
          30          36   1.29307719096757     
           8          37   1.28915677909551     
          10          37   1.21987526191151     
          15          37   1.25503420668564     
          10          38   1.36000082799609     
          11          38   1.16075863834409     
          16          38   1.22152919443247     
          12          39   1.27811280586361     
          17          39   1.39879944782176     
          11          40   1.55408244305647     
          18          40   1.19851098017650     
          12          41   1.29274095568608     
          13          41   1.14101690412928     
          19          41   1.34422245682157     
           9          42   1.49589902678103     
          13          42   1.33533005103920     
          14          43   1.30585749722344     
          15          43   1.24669427870608     
          22          43   1.20407993113718     
          15          44   1.24751790790887     
          16          44   1.25637685383561     
          23          44   1.24005220415792     
          16          45   1.27372372337845     
          18          45   1.18913299507456     
          24          45   1.27567743615422     
          17          46   1.40035181726480     
          19          46   1.47624270021557     
          18          47   1.43451086657315     
          21          47   1.28427329757506     
          20          48   1.23725893544812     
          22          48   1.24309844640289     
          27          48   1.27222951005855     
          21          49   1.29835892737729     
          28          49   1.49214983746154     
          22          50   1.29430687235917     
          23          50   1.20806579447946     
          29          50   1.24471246781356     
          23          51   1.29969626804895     
          24          51   1.23269448412182     
          30          51   1.20412431974402     
          21          52   1.23501993461664     
          24          52   1.24584516920544     
          26          52   1.26100292320617     
           2          53  0.968914888631047     
           9          54  0.961080573793183     
          17          55  0.968046897928096     
          19          56  0.962631909309751     
          25          57  0.965531614492560     
          28          58  0.970497792736524     
          33          59  0.962330760290554     
          42          60  0.962090282658731     
          46          61  0.970409630525351     
           1          62  0.962446396830318     
           3          63  0.961198613138079     
           4          64  0.970605588795642     
           7          65  0.958603905320459     
           8          66  0.962512155886707     
          31          67  0.960886620779176     
          40          68  0.965216246584595     
          47          69  0.966279659697570     
          49          70  0.968799716623914     
           7          71   1.11105327572742     
          11          71   1.02239393579878     
          32          72   1.04188320227884     
          39          72   1.05608798572702     
