   -0.04165004
   -0.03543862
    0.00009642
   -0.04269010
   -0.00079552
   -0.03414142
   -0.00544623
   -0.04008670
    0.02667771
   -0.00119788
   -0.04479056
   -0.00214658
   -0.00578624
   -0.00160969
   -0.05518304
   -0.02884611
    0.00542885
    0.03416233
   -0.02504214
    0.04783049
    0.00289596
    0.00141976
    0.04533897
    0.00038559
    0.01301305
    0.00028017
    0.02413020
    0.04184798
    0.00254882
   -0.00207192
    0.03989412
    0.00286303
    0.00039388
    0.00157218
    0.01340410
   -0.04279165
    0.00342339
   -0.00133513
   -0.00051758
   -0.05544873
    0.00634017
    0.04609262
   -0.03520012
   -0.00146414
   -0.05289095
   -0.00238791
    0.00266745
    0.00123982
   -0.00191670
    0.00201428
    0.00270813
   -0.00014750
    0.04623888
    0.00007597
   -0.04146467
   -0.00007127
   -0.00403457
    0.00201248
    0.00085268
    0.00629990
   -0.00023510
   -0.02893847
   -0.00021902
   -0.05010904
    0.00467766
    0.00063119
   -0.03773121
   -0.00440482
    0.00273637
    0.00171516
    0.01254137
   -0.03687571
    0.00180974
   -0.00097098
   -0.00554437
    0.00197446
   -0.05589022
    0.00588079
    0.00097942
    0.00112472
    0.01219222
    0.00119723
    0.03344805
   -0.00166962
   -0.03581790
   -0.00126761
    0.00068676
    0.00038138
   -0.04404648
   -0.00015291
   -0.00026276
   -0.00207492
    0.00130090
    0.00388439
   -0.00031727
   -0.04270909
   -0.00051089
    0.00199681
    0.04264785
    0.03605485
    0.03902159
    0.03473983
    0.03229597
    0.04125784
    0.04006747
    0.03650822
    0.06270081
    0.05665741
    0.04162832
    0.03664316
    0.02941527
    0.04203448
    0.03685010
    0.03207671
    0.03516792
    0.03510428
    0.04221955
    0.04510951
    0.04147036
    0.04990759
    0.03891999
    0.03679061
   -0.10354839
   -0.07129902
   -0.10610158
   -0.13256400
   -0.03983060
   -0.06891199
