           1           6   1.64477715143390     
           3           6   1.18789083454928     
           1           7   1.19632972399595     
           2           8   1.65028027450139     
           5           8   1.15204165258004     
           2           9   1.20603367998313     
           3           9   1.40464119362757     
           3          10   1.15180941676543     
           4          16   1.48104912779168     
          11          16   1.39188588021955     
           4          17   1.33325131349794     
           5          17   1.16133420851359     
          12          17   1.26207675945460     
           5          18   1.44966858159725     
          13          18   1.22392391505324     
          11          20   1.42357373791593     
          12          20   1.29077234444118     
          12          21   1.19458957493802     
          13          21   1.29778295900449     
          14          21   1.22834842827819     
          13          22   1.19615514112521     
          14          23   1.22762669281578     
          15          23   1.50074014094248     
          14          24   1.27201455173087     
          15          25   1.25893683742950     
           7          27   1.38800490490754     
           7          29   1.17954648699499     
          10          29   1.37275562198123     
          10          32   1.17340472464639     
          19          32   1.34769406674180     
          26          36   1.66983825382916     
          28          36   1.20455143950841     
          27          37   1.23162267120407     
          28          37   1.37785609497722     
          30          37   1.14215193478104     
          29          38   1.19356134612703     
          30          38   1.32278699158013     
          33          38   1.22785159862876     
          30          39   1.24405552776703     
          31          39   1.23241026220618     
          34          39   1.25374071381205     
          31          40   1.49694035922638     
          35          40   1.26575957892005     
          19          41   1.31618499981670     
          22          41   1.18522630436023     
          22          50   1.32121420470371     
          24          50   1.21315863654298     
          24          57   1.25517511078724     
          25          57   1.22436323412091     
          25          64   1.32448289692336     
          32          70   1.23929115935694     
          33          70   1.24154727035959     
          44          70   1.25784899963635     
          45          71   1.22593352464602     
          64          71   1.39207626800926     
          66          71   1.20048724460631     
          65          72   1.29508780083745     
          67          72   1.54033219488417     
          33          73   1.27188312862751     
          34          73   1.24354739621015     
          46          73   1.22907161199205     
          47          74   1.21477655531432     
          66          74   1.25601313899645     
          68          74   1.26625852322512     
          34          75   1.24461668208378     
          35          75   1.24956507034028     
          48          75   1.24473309325322     
          49          76   1.25398880300386     
          68          76   1.25204670562592     
          69          76   1.23921439223482     
          35          77   1.28151397003306     
          42          77   1.48104905249078     
          43          78   1.27058804686138     
          65          78   1.18489692586772     
          69          78   1.29667928623909     
          41          79   1.25686989050702     
          44          79   1.24681274380817     
          52          79   1.23571290867680     
          44          80   1.23767198657537     
          46          80   1.27097852865188     
          54          80   1.23673430662017     
          45          81   1.52262571139875     
          47          81   1.15158722899768     
          55          81   1.14075328441970     
          46          82   1.23884204215411     
          48          82   1.23602551021457     
          56          82   1.27123784754702     
          47          83   1.38593381540243     
          49          83   1.25443496945441     
          42          84   1.23921020474127     
          48          84   1.26289562140106     
          51          84   1.23066319377115     
          43          85   1.57110254089823     
          49          85   1.26170947205467     
          50          86   1.21636672194528     
          52          86   1.26642765079503     
          59          86   1.25343965132640     
          51          87   1.18207527753020     
          53          87   1.29170419907775     
          60          87   1.27502200700363     
          52          88   1.24251314151919     
          54          88   1.23885795000431     
          61          88   1.26344841065301     
          53          89   1.42588879059180     
          62          89   1.39209686116712     
          54          90   1.26887711017226     
          56          90   1.23837911946162     
          63          90   1.23615705015493     
          55          91   1.74058535395937     
          51          92   1.31274130058843     
          56          92   1.23274568738685     
          58          92   1.19910481236602     
          57          93   1.25553000814820     
          59          93   1.21902197458477     
          66          93   1.27786894931510     
          58          94   1.30729177958389     
          60          94   1.15644007574563     
          67          94   1.29596628314895     
          59          95   1.27368996675226     
          61          95   1.23954470654285     
          68          95   1.22924091109118     
          60          96   1.33695899415100     
          62          96   1.48145186140312     
          61          97   1.24319613703130     
          63          97   1.28134263447570     
          69          97   1.21787494569445     
          58          98   1.24751502578368     
          63          98   1.22497147020666     
          65          98   1.28041799027906     
           1          99  0.950006332375029     
           2         100  0.948967452191883     
           4         101  0.962161778521524     
           6         102  0.961615549629416     
           8         103  0.962050415465967     
          11         104  0.966720886435791     
          15         105  0.963966271919586     
          16         106  0.969150588337286     
          26         107  0.960306217837945     
          36         108  0.953291671264565     
          40         109  0.963308313846556     
          43         110  0.959368736371331     
          45         111  0.965151811480487     
          55         112  0.955903606156472     
          62         113  0.969150532743389     
          64         114  0.966120957485581     
          67         115  0.959601847841143     
          72         116  0.959444234995817     
          77         117  0.963557530589686     
          85         118  0.954647061567162     
          89         119  0.966641983611238     
          91         120  0.961854184176796     
          96         121  0.959829633226121     
          19         122  0.958963847663712     
          42         123   1.06011572714759     
          53         123   1.05741513468125     
          83         124   1.05468977857514     
          91         124   1.10965805279018     
          20         125   1.06095377356105     
          23         125   1.05372315659826     
           9         126   1.00809076029002     
          18         126   1.00351869155676     
          26         127   1.14834399323172     
          27         127   1.03259036803953     
          28         128   1.10922004287345     
          31         128   1.04236424158749     
