   -0.04193058
   -0.04037313
    0.00264295
   -0.05050735
    0.00020722
    0.00061906
   -0.03978342
   -0.01922362
   -0.03798422
    0.00164454
    0.00192642
   -0.06808438
   -0.00908515
   -0.00790571
   -0.01037406
   -0.08237442
   -0.03016081
    0.00500446
    0.00115709
   -0.00218186
    0.06703677
    0.00259212
   -0.00112415
    0.06367689
   -0.00059281
    0.01236059
    0.01984969
    0.05610296
    0.01256257
    0.00142558
   -0.00169425
    0.01147432
   -0.00351147
   -0.00066650
    0.00015169
    0.01236059
   -0.06008087
   -0.00705356
   -0.06528823
   -0.01094118
   -0.00274880
   -0.05932961
   -0.00239974
    0.06367689
   -0.03978342
   -0.00134583
   -0.06528823
   -0.00177233
   -0.00705356
   -0.00059281
   -0.01922362
   -0.00218413
    0.00259212
   -0.00441422
    0.06703677
   -0.00094640
   -0.06008087
   -0.00112415
   -0.01043875
    0.00115709
   -0.00197302
    0.00500446
   -0.00270655
   -0.03016081
   -0.00218186
   -0.05932961
    0.00164454
   -0.00274880
   -0.03798422
   -0.01094119
    0.00192642
   -0.00270654
    0.01147432
   -0.04037313
   -0.00197302
   -0.00169425
   -0.01043874
    0.00142558
   -0.08237442
    0.00264295
   -0.00094640
   -0.00441422
    0.01256257
   -0.00218413
    0.05610297
   -0.01037406
   -0.04193058
   -0.00177233
   -0.00908515
   -0.00134583
   -0.06808437
   -0.00239974
    0.01984969
   -0.00790571
    0.00015169
    0.00020722
   -0.00066650
   -0.05050736
   -0.00351147
    0.00061906
    0.01200939
    0.02756432
    0.02952236
    0.17049971
    0.02949810
    0.02944745
    0.02012977
    0.01762414
    0.02793925
    0.03573931
    0.03809310
    0.02181354
    0.02147273
    0.02949810
    0.02181354
    0.03809310
    0.17049970
    0.02793925
    0.02147273
    0.02944745
    0.02756432
    0.01762414
    0.01200939
    0.02012976
    0.03573932
    0.02952237
   -0.12386698
   -0.12386698
    0.16271469
    0.16271469
   -0.09945471
   -0.09945470
