           1           7   1.56225529298457     
           3           7   1.27483009991191     
           1           8   1.26993391754317     
           2           9   1.53364937462738     
           5           9   1.30449575390468     
           2          10   1.29763197454242     
           3          10   1.18217933817957     
           6          10   1.28129754729001     
           3          11   1.29570839820917     
           4          17   1.47637285201374     
          12          17   1.40256297549760     
           4          18   1.33296120160749     
           5          18   1.15430821590501     
          13          18   1.29035599602909     
           5          19   1.29814922521407     
           6          19   1.24913857698540     
          14          19   1.20813175477057     
           6          20   1.22248094403266     
          12          21   1.37985215413608     
          13          21   1.25264420851190     
          13          22   1.19361070484569     
          14          22   1.29355085771063     
          15          22   1.25513063539958     
          14          23   1.23936953245640     
          15          24   1.19115534408362     
          16          24   1.46287899932763     
          15          25   1.27665351050287     
          16          26   1.25819938037233     
           8          28   1.22339687267144     
           8          30   1.25379960926951     
          11          30   1.24175300057663     
          11          33   1.21706147245848     
          20          33   1.27780186704640     
          27          37   1.66791642599706     
          29          37   1.15215036678902     
          28          38   1.33764087986690     
          29          38   1.15920834672990     
          31          38   1.23606045438255     
          29          39   1.50779651762467     
          32          39   1.23241054383977     
          30          40   1.25444858972489     
          31          40   1.25497421877946     
          34          40   1.23218617968387     
          31          41   1.26006363157616     
          32          41   1.20269665524049     
          35          41   1.27075335809775     
          32          42   1.38134332192760     
          36          42   1.33584327605862     
          20          43   1.24153726292812     
          23          43   1.23441541333160     
          23          52   1.27242098146381     
          25          52   1.23009496939903     
          25          59   1.24934582804569     
          26          59   1.21889154891230     
          26          66   1.33584327899048     
          33          72   1.24750224278605     
          34          72   1.23725645657427     
          46          72   1.25973431147877     
          47          73   1.23241053899121     
          66          73   1.38134332951830     
          68          73   1.20269664716965     
          67          74   1.29763196286004     
          69          74   1.53364939433901     
          34          75   1.27665227819335     
          35          75   1.22174305209554     
          48          75   1.24369912667791     
          49          76   1.23606044894450     
          68          76   1.26006363845443     
          70          76   1.25497421582316     
          35          77   1.26424387929942     
          36          77   1.21889156171884     
          50          77   1.24934582010080     
          51          78   1.25379961674479     
          70          78   1.25444858597559     
          71          78   1.24175299626412     
          36          79   1.25819937198804     
          44          79   1.46287900321504     
          45          80   1.27483009925649     
          67          80   1.18217934738767     
          71          80   1.29570839727471     
          43          81   1.26730050286524     
          46          81   1.24242039729986     
          54          81   1.23663961715134     
          46          82   1.24437948675839     
          48          82   1.26163041302107     
          56          82   1.23663960723055     
          47          83   1.50779652797607     
          49          83   1.15920834150087     
          57          83   1.15215035913793     
          48          84   1.24109462944548     
          50          84   1.23009497671323     
          58          84   1.27242096976396     
          49          85   1.33764088976696     
          51          85   1.22339686268397     
          44          86   1.19115533831080     
          50          86   1.27665351239716     
          53          86   1.25513063891210     
          45          87   1.56225529114157     
          51          87   1.26993392825384     
          52          88   1.24109462812490     
          54          88   1.26163039835447     
          61          88   1.24369913961079     
          53          89   1.19361070535646     
          55          89   1.25264420415321     
          62          89   1.29035600173150     
          54          90   1.24437948808257     
          56          90   1.24242039322802     
          63          90   1.25973432148321     
          55          91   1.37985215092840     
          64          91   1.40256298770670     
          56          92   1.26730051435486     
          58          92   1.23441542464388     
          65          92   1.24153724743362     
          57          93   1.66791643924114     
          53          94   1.29355085428877     
          58          94   1.23936952985298     
          60          94   1.20813176198778     
          59          95   1.26424388476773     
          61          95   1.22174302902740     
          68          95   1.27075336635666     
          60          96   1.29814922273234     
          62          96   1.15430822741434     
          69          96   1.30449574196636     
          61          97   1.27665229750919     
          63          97   1.23725644265758     
          70          97   1.23218618074149     
          62          98   1.33296119201022     
          64          98   1.47637284653485     
          63          99   1.24750223578858     
          65          99   1.27780187886861     
          71          99   1.21706148047113     
          60         100   1.24913857463884     
          65         100   1.22248094049225     
          67         100   1.28129755110626     
           1         101  0.957822643788385     
           2         102  0.960491740209855     
           4         103  0.962671674306207     
           7         105  0.960434735971061     
           9         106  0.961597351039859     
          12         107  0.968089770093193     
          16         108  0.965532334181551     
          17         109  0.971143141303559     
          27         110  0.965812554895989     
          37         111  0.967186646412725     
          39         112  0.966769902070681     
          42         113  0.967028882110358     
          45         114  0.960434718342561     
          47         115  0.966769901499460     
          57         116  0.967186646365051     
          64         118  0.971143140520019     
          66         119  0.967028880662997     
          69         120  0.961597346854659     
          74         121  0.960491721936851     
          79         122  0.965532334605833     
          87         123  0.957822653781956     
          91         124  0.968089766715294     
          93         125  0.965812555722748     
          98         126  0.962671673146107     
          21         127   1.15190842171230     
          24         127   1.13539941204672     
          44         128   1.13539941804831     
          55         128   1.15190842498173     
         127         129  0.938659231517493     
         128         130  0.938659230069773     
          85         131   1.14988887135824     
          93         131   1.18382477280206     
         117         131  0.930426813599766     
          27         132   1.18382478681331     
          28         132   1.14988887584089     
         104         132  0.930426805428701     
