   -0.06148672
   -0.02896776
   -0.04610469
    0.00301862
    0.14017296
   -0.01888375
    0.00692465
   -0.07183959
    0.13838778
   -0.01755600
   -0.00257790
   -0.07233538
    0.02141391
   -0.01974274
    0.12802297
   -0.09829952
    0.14479017
   -0.02016517
    0.14688484
   -0.01282603
    0.00810853
   -0.07000482
    0.13758376
   -0.01741430
   -0.00278463
   -0.04141242
    0.01525308
   -0.00540081
   -0.00405285
   -0.02829317
   -0.04075719
   -0.01722286
   -0.03226503
   -0.04965178
    0.12200698
   -0.02063080
    0.13702265
   -0.01644333
   -0.00270841
    0.00553416
    0.00475804
   -0.00401540
   -0.02316782
    0.00026039
   -0.00340736
   -0.01771797
    0.00929970
   -0.00141947
    0.00746416
   -0.01804149
   -0.00354821
    0.00199193
   -0.00213720
   -0.00703962
   -0.00597529
    0.00285390
    0.00243204
    0.00456484
    0.10098947
   -0.01079479
   -0.00040147
   -0.03171781
    0.09176903
   -0.02222288
   -0.04325362
   -0.04321642
   -0.02298306
    0.00405118
    0.00580941
    0.00645354
    0.00561410
   -0.00259427
    0.00203057
    0.00069943
   -0.00032303
    0.12624222
   -0.01410912
    0.00205082
    0.00757697
    0.13118606
   -0.01783606
    0.00737619
    0.00123927
   -0.01844598
    0.00014738
    0.00330905
   -0.02240578
    0.00475169
    0.00366492
   -0.02313393
    0.09831925
    0.12955850
   -0.02578587
   -0.05142067
   -0.04367744
    0.12482341
   -0.05005410
   -0.02991605
   -0.01584421
   -0.01725971
    0.13614634
   -0.01911739
    0.00014566
    0.00641095
    0.00880728
   -0.00209389
    0.00218563
    0.00117346
    0.00123213
    0.00491025
   -0.00087421
   -0.00243234
    0.00906348
   -0.01900400
    0.00119202
    0.00049470
    0.00516693
    0.00020642
   -0.00477202
    0.00224333
    0.00215013
   -0.00748996
    0.11980601
   -0.01789004
    0.00752033
   -0.01476112
    0.08860792
    0.00477020
   -0.04131226
   -0.02932132
   -0.04057037
   -0.00122799
   -0.00817173
    0.01540554
   -0.07530432
    0.01030392
   -0.01475265
    0.13589973
   -0.01385339
   -0.02211283
    0.13527742
   -0.07506413
    0.11607670
   -0.00027672
   -0.07697484
   -0.01693563
    0.10487788
    0.12877859
   -0.00011480
   -0.01924976
    0.13160595
   -0.07016347
    0.00454404
   -0.00018367
    0.01315122
   -0.03805423
   -0.04382298
   -0.02885253
    0.04977264
    0.04121717
    0.03984756
    0.05110429
    0.04640084
    0.05748627
    0.04840854
    0.03395716
    0.03727163
    0.04494741
    0.03051806
    0.03083997
    0.04513265
    0.03877473
    0.03253837
    0.03148918
    0.03408620
    0.04777767
    0.05697407
    0.05042659
    0.05030000
    0.03653435
    0.03377529
    0.03286992
    0.03580055
    0.06025908
    0.03430724
    0.04228985
    0.05858085
    0.02720326
   -0.13844287
   -0.22224353
   -0.18812194
   -0.22926489
   -0.23116346
   -0.22423465
   -0.23164605
   -0.22343792
   -0.23126156
   -0.23047193
   -0.22103006
   -0.23058907
    0.03835753
    0.03730423
    0.03276758
    0.03593177
    0.03632813
    0.03420889
