           1           2   1.37881135695359     
           2           3   1.49672385064996     
           3           4   1.32018967880583     
           1           5   1.41500538637738     
           4           6   1.26855013260959     
           5           6   1.26116842153090     
           6           7   1.21215324275050     
           8           9   1.38804981318428     
           7          10   1.20865129608251     
           9          10   1.26391321892383     
          10          11   1.25239198020024     
           8          13   1.35535541465741     
          12          13   1.20600516740215     
          11          14   1.25847235810731     
          13          14   1.21837201394594     
          14          15   1.25824368507302     
          12          17   1.53259842819682     
          16          17   1.17643166296416     
          16          19   1.52821284029192     
          18          20   1.37799196354899     
          19          20   1.12869213448042     
          20          21   1.23585013406758     
          22          23   1.48526467168655     
          21          24   1.22872444041888     
          23          24   1.20977512688254     
          24          25   1.27852579771320     
          22          27   1.24641224842354     
          26          27   1.31070276803806     
          25          28   1.25160951095661     
          27          28   1.25349828090453     
          28          29   1.23368036124757     
          26          30   1.46640799812287     
          29          31   1.35248436460832     
          30          31   1.42007523454911     
           4          32   1.18184677447041     
          32          33   1.17256001225172     
          33          34   1.62893254708688     
          34          35   1.21179139536573     
           7          36   1.31129167956395     
          32          37   1.38855172960274     
          36          37   1.21471852811587     
          11          39   1.23342522821918     
          36          40   1.17829618476565     
          39          40   1.27826667837664     
          38          41   1.29384143565621     
          40          41   1.23344281065128     
          41          42   1.22356222223922     
          15          43   1.34957835870726     
          39          44   1.23821864606247     
          43          44   1.23217406131381     
          42          45   1.26449707283119     
          44          45   1.25838220915670     
          45          46   1.21378383186094     
          18          47   1.30627884309652     
          43          48   1.12562167668764     
          47          48   1.18761421460344     
          46          49   1.16036762908935     
          48          49   1.40098281482585     
          49          50   1.17778270011689     
          21          51   1.26568629809748     
          47          52   1.25365311464812     
          51          52   1.25358304184971     
          50          53   1.26526210327988     
          52          53   1.23148098924182     
          53          54   1.23942598067693     
          25          55   1.22493490301890     
          51          56   1.22348106326504     
          55          56   1.28010816921593     
          54          57   1.25491855197281     
          56          57   1.24552467462129     
          57          58   1.22267936997039     
          29          59   1.19196354933875     
          55          60   1.22010594521430     
          59          60   1.24391345851438     
          58          61   1.28867907783693     
          60          61   1.29240970031207     
          61          62   1.07061680721692     
          59          63  0.101987501301436     
          62          63   1.37544340349081     
          35          64   1.41228334546079     
          64          65   1.16230206550388     
          65          66   1.68558252889949     
          66          67   1.16355450412600     
          38          68   1.38662579214658     
          64          69   1.13181812513817     
          68          69   1.15457686844991     
          67          70   1.13702698544295     
          69          70   1.43563257372296     
          70          71   1.14921284709118     
          42          72   1.25338228804963     
          68          73   1.21840430926024     
          72          73   1.25293310883526     
          71          74   1.23398285884787     
          73          74   1.26253135174240     
          74          75   1.23351289138622     
          46          76   1.36519425598501     
          72          77   1.23057889677329     
          76          77   1.23635579927439     
          75          78   1.28462475330010     
          77          78   1.24053656525990     
          78          79   1.16821579913940     
          50          80   1.29560789901812     
          79          81   1.39179872236302     
          81          82   1.27065612707291     
          54          83   1.25050563383715     
          80          84   1.28717609636335     
          83          84   1.24885308670372     
          82          85   1.26319519326047     
          84          85   1.17115918127131     
          85          86   1.24203283362783     
          58          87   1.24881731230085     
          83          88   1.22702185178246     
          87          88   1.36610291632639     
          86          89   1.30451279061524     
          88          89   1.16923259067961     
          89          90   1.20692932013360     
          62          91   1.28664168979291     
          90          92   1.26658983667275     
          92          93   1.32013210993783     
          91          94   1.27905778017040     
          93          95   1.16756529418848     
          94          95   1.57362778591023     
          67          96   1.40485632898884     
          96          97   1.21413377094665     
          97          98   1.62264619295977     
          98          99   1.18106549860375     
          71         100   1.37501773419470     
          99         101   1.40225806777091     
         101         102   1.20840174920873     
          75         103   1.22615917862927     
         100         104   1.30193549434630     
         103         104   1.27549713538025     
         102         105   1.24990303317026     
         104         105   1.17030338568646     
         105         106   1.28230238611167     
          79         107   1.20459168945132     
         103         108   1.22645455695560     
         107         108   1.28110048113395     
         106         109   1.19184574710430     
         108         109   1.22434343829074     
         109         110   1.32711587558207     
          82         111   1.21378663169514     
         107         112   1.24577411654062     
         111         112   1.26125431196934     
         110         113   1.20719709553412     
         112         113   1.22664703420437     
         113         114   1.32216646565063     
          86         115   1.20141504251496     
         111         116   1.25622052630476     
         115         116   1.25928629809670     
         114         117   1.33556742919542     
         116         117   1.21921310185403     
         117         118   1.20408008368452     
          90         119   1.22957907161384     
         115         120   1.26943310360235     
         119         120   1.25616423415583     
         118         121   1.33582363180955     
         120         121   1.21170463561561     
         121         122   1.19479435323650     
          93         123   1.26073918500161     
         119         124   1.24334484971985     
         123         124   1.31121088189851     
         122         125   1.39015523656199     
         124         125   1.19077107330031     
         125         126   1.13350231551320     
         126         127   1.56147877657935     
          99         128   1.15794709672956     
         128         129   1.36738057383652     
         129         130   1.42475758239480     
         130         131   1.45922526098864     
         102         132   1.23536304892022     
         128         133   1.25667071987737     
         132         133   1.24775780676616     
         131         134   1.33094609574064     
         133         134   1.24374674469180     
         134         135   1.23683976835688     
         106         136   1.26863697086609     
         132         137   1.26448876880945     
         136         137   1.26938236557809     
         135         138   1.50735241060221     
         137         138   1.19130995351975     
         110         139   1.16029820333325     
         136         140   1.19370303940035     
         139         140   1.26035914157819     
         140         141   1.26114711786316     
         141         142   1.41686871411254     
         139         143   1.29958644418158     
         142         144   1.31555378051543     
         143         144   1.30234445359244     
         144         145   1.18378994063637     
         118         146   1.15811235221987     
         146         147   1.37867326502967     
         145         148   1.49101997011425     
         147         148   1.19187850405694     
         122         149   1.15916887806746     
         146         150   1.15342109222061     
         149         150   1.34504868175187     
         150         151   1.22279400010289     
         151         152   1.48250050939047     
         126         153   1.09905923858516     
         149         154   1.23921732473030     
         153         154   1.25862533634550     
         152         155   1.26299725843512     
         154         155   1.25096233509671     
         155         156   1.29693869565723     
         153         157   1.42811126380264     
         156         158   1.50726969984532     
         157         158   1.37604704941481     
           1         159  0.967869797200236     
           2         160  0.970262543572152     
           3         161  0.963553159200242     
           8         162  0.965592553074990     
          12         163  0.965611314552887     
          16         164  0.959126608695877     
          22         165  0.966101660589910     
          26         166  0.969387155759282     
          33         167  0.963396143645245     
          34         168  0.960396526877614     
          65         169  0.960441454284745     
          66         170  0.960500672750097     
          97         171  0.960303743573397     
          98         172  0.962963659412418     
         129         173  0.964157856649101     
         130         174  0.970505968872634     
         131         175  0.968836975066897     
         135         176  0.965023363717323     
         142         177  0.965217553696784     
         145         178  0.966258369699432     
         152         179  0.964970102054009     
         156         180  0.968517584466712     
         158         181  0.970406848958190     
          30         182  0.970445453176929     
          31         183  0.969655223105726     
          63         184  0.950161343121516     
          94         185  0.960915295553946     
          95         186  0.968374207595533     
         127         187  0.953087062902634     
         157         188  0.965837640510404     
          59         189   1.08167378198544     
          63         189   1.21903276638749     
          91         190  0.994346469941947     
          92         190   1.04662428865428     
         123         191   1.05302733577914     
         127         191   1.11047230903037     
         148         192   1.06025860047792     
         151         192   1.03376224306492     
         143         193   1.02273528014856     
         147         193   1.02555870103902     
         138         194   1.04301447907733     
         141         194   1.05823067115108     
          96         195   1.00894402617861     
         101         195   1.04650728659956     
          76         196   1.02673981532642     
          80         196   1.04308508993965     
          19         197   1.05304669492305     
          23         197   1.04166834267843     
          15         198   1.03022965610255     
          17         198   1.03031854616485     
           5         199   1.05277451217847     
           9         199   1.05715331969250     
          35         200   1.00113110317611     
          37         200   1.05364024844988     
          18         201  0.965429711437655     
          38         202  0.964418465240607     
          81         203  0.964785588812629     
          87         204  0.964840744509366     
         100         205  0.964500794425090     
         114         206  0.963899296195870     
