   -0.02128382
   -0.11249015
    0.21412611
   -0.06516275
    0.00626617
   -0.06736188
    0.20790806
   -0.07232495
   -0.02282380
    0.00644300
   -0.02545681
   -0.07235618
    0.21191494
   -0.07091879
   -0.02304210
   -0.03164509
   -0.02841211
    0.00547193
    0.00590278
   -0.00398443
    0.00675987
   -0.00042833
    0.00711956
    0.00108832
    0.00224749
   -0.00318322
    0.00064558
    0.00697160
    0.02166044
   -0.04217132
   -0.03177945
    0.01570728
    0.00148996
   -0.00031426
    0.00044510
   -0.00195202
   -0.00035337
   -0.00155316
   -0.00114273
   -0.00042780
    0.00400503
    0.00080260
    0.00691715
   -0.03752479
   -0.03559738
    0.00539408
    0.00049980
   -0.00018639
    0.00096181
   -0.00047608
    0.00078590
    0.00232442
    0.00059530
    0.00678318
   -0.07721014
    0.19180271
   -0.06087135
   -0.03372526
   -0.03810395
    0.01156911
   -0.07994865
    0.00531648
   -0.00679698
    0.00231530
   -0.00054722
    0.00030961
   -0.00136059
    0.00108113
    0.00064540
    0.00030724
    0.00545064
   -0.03598388
   -0.03988177
    0.01331191
   -0.00047706
    0.00422530
   -0.00133553
    0.00076895
   -0.00073686
    0.00515648
   -0.00199958
    0.00610987
   -0.00458050
    0.00827527
    0.00680140
   -0.02783366
   -0.03249472
   -0.02302602
   -0.07231263
    0.21304009
   -0.07152738
   -0.02632755
    0.00798107
   -0.03512698
    0.00847320
    0.00087809
    0.00040630
    0.00464171
   -0.07466755
    0.21088738
   -0.11024655
   -0.02502691
    0.00772964
   -0.03123072
    0.02744990
    0.03381136
    0.03097561
    0.02316567
    0.03906493
    0.04995946
    0.03503774
    0.03827766
    0.03886445
    0.01568247
    0.02479455
    0.02249142
    0.03581008
    0.03706540
    0.03615664
    0.03287727
    0.02943627
    0.03477801
    0.03537295
    0.03680161
    0.03507349
    0.04714111
    0.01828255
   -0.10378152
   -0.10551962
   -0.11039004
   -0.11130635
   -0.10836166
