           1           2   1.66698897513387     
           2           3   1.11571571096817     
           3           4   1.02298802855838     
           4           5   1.24467747259810     
           1           6   1.20755703865848     
           5           6   1.35852251136251     
           6           7   1.08879982065400     
           7           8   1.05652614810353     
           8           9   1.49763812351663     
           9          10   1.26506974255483     
          10          11   1.29250909294954     
          11          12   1.47119804747860     
          12          13   1.06568086857077     
          13          14   1.07348628699531     
          14          15   1.42376987627575     
          15          16   1.39327494332860     
          16          17   1.48659122157933     
          17          18   1.32658185358117     
          14          19   1.27453781459325     
          18          19   1.28918286346637     
          19          20   1.18786010384890     
          12          21   1.23337819035017     
          20          21   1.22624580110062     
          21          22   1.27338984772055     
          10          23   1.24835723468843     
          22          23   1.24987587308447     
          23          24   1.23561412375061     
           8          25   1.21522360244648     
          24          25   1.26652796292175     
           5          26   1.15811075493471     
          25          26   1.25505879957351     
          26          27   1.31063007514385     
          27          28   1.20642210577759     
           4          29   1.37925795491457     
          28          29   1.18119558816191     
          29          30   1.20358504636717     
          30          31   1.63571199351941     
          31          32   1.21290682439121     
          28          33   1.35619993484156     
          32          33   1.18138024652286     
          33          34   1.18199539721371     
          34          35   1.25504917779094     
          27          36   1.22963439155983     
          35          36   1.24392252677530     
          24          37   1.24941646211029     
          36          37   1.26848037146020     
          37          38   1.22482584962167     
          22          39   1.23182691957061     
          38          39   1.24234085501311     
          39          40   1.27079778277112     
          20          41   1.31806529768648     
          40          41   1.22173572128627     
          41          42   1.20547939021121     
          18          43   1.16310575098170     
          42          43   1.30061708606683     
          43          44   1.29232016811539     
          44          45   1.54746359602521     
          45          46   1.28733137738741     
          42          47   1.24842638349672     
          46          47   1.28005341079880     
          47          48   1.22406462094290     
          40          49   1.24937851263945     
          48          49   1.23429261877414     
          49          50   1.25863757991028     
          38          51   1.27399445946115     
          50          51   1.24295427098067     
          35          52   1.24565188532712     
          51          52   1.22884247155261     
          52          53   1.26412238123533     
          53          54   1.24687117515446     
          34          55   1.31365480342789     
          54          55   1.30206619764978     
          55          56   1.06810215378858     
          32          57   1.35411649010052     
          56          57   1.04147285435824     
          57          58   1.24757647499303     
          58          59   1.60661302863524     
          59          60   1.18643726258442     
          56          61   1.08236063153333     
          60          61   1.38746313635113     
          61          62   1.23169457339646     
          54          63   1.19257617212874     
          62          63   1.21043827150777     
          63          64   1.32191293312485     
          64          65   1.21211436992866     
          53          66   1.23290876995904     
          65          66   1.26764582910158     
          50          67   1.24196570061301     
          66          67   1.24366785026251     
          67          68   1.25980054793321     
          48          69   1.28404283660668     
          68          69   1.23675837661721     
          69          70   1.22113601090589     
          46          71   1.19261003134768     
          70          71   1.29198603688222     
          71          72   1.26654146924804     
          72          73   1.57737551848663     
          73          74   1.25782582451752     
          70          75   1.23989191219973     
          74          75   1.25524956917185     
          75          76   1.25465800202247     
          68          77   1.24845426045816     
          76          77   1.22686692750089     
          65          78   1.25904568904990     
          77          78   1.26728587751318     
          78          79   1.21679152710257     
          79          80   1.25939483081848     
          64          81   1.21348254232192     
          80          81   1.25321721951552     
          81          82   1.28569413851709     
          62          83   1.30484985433551     
          82          83   1.23542466617533     
          83          84   1.19270688905273     
          60          85   1.17913602710862     
          84          85   1.27471425473428     
          85          86   1.32153319768732     
          86          87   1.48924876039362     
          87          88   1.39030611569002     
          84          89   1.27627380326953     
          88          89   1.42264621201384     
          89          90   1.07665689631813     
          82          91   1.20961340236102     
          90          91   1.06042520965424     
          91          92   1.50672140852175     
          80          93   1.22004463632845     
          92          93   1.25966693652898     
          93          94   1.33343652747158     
          94          95   1.38533237270575     
          79          96   1.27885246470071     
          95          96   1.20168176729949     
          76          97   1.26261386589586     
          96          97   1.25165621987808     
          97          98   1.23455371795868     
          74          99   1.25615106870209     
          98          99   1.36338704502303     
          99         100   1.06291505422353     
         100         101   1.09895709092167     
         101         102   1.73510679613787     
          98         103   1.15406267785196     
         102         103   1.14477392883970     
          95         104   1.23138615861038     
         103         104   1.51926635958231     
          87         105  0.969787716360051     
          86         106  0.959199979644899     
          59         107  0.959819120892024     
          58         108  0.958593519387066     
          31         109  0.959671376170785     
          30         110  0.955843783943755     
          15         111  0.969418773143504     
          11         112  0.965576139146453     
           9         113  0.965346518016009     
           2         114  0.972592601957330     
           1         115  0.966413348266069     
         102         116  0.964258361767472     
         104         117  0.964007375893467     
          94         118  0.964917287392225     
          92         119  0.965701073478596     
          88         120  0.969576376331828     
          16         121  0.969740096904816     
          17         122  0.958574785250211     
          44         123  0.957703310197983     
          45         124  0.958323693327468     
          72         125  0.958267889422393     
          73         126  0.959824883512818     
         101         127  0.972472990576957     
          13         128  0.970214052854556     
          90         129  0.969824644469916     
         100         130  0.962443901600268     
           3         131  0.959221296629874     
           7         132  0.968706962924026     
