   -0.04186204
   -0.03835448
    0.00198729
    0.02824131
    0.01285940
   -0.00092391
   -0.03695458
   -0.03732819
    0.00373984
    0.04050532
    0.00168449
    0.00294296
   -0.00532592
    0.00156390
   -0.00087800
   -0.04633051
    0.01068558
   -0.04401187
    0.00130875
    0.01223733
   -0.00216034
   -0.00365782
   -0.00138413
   -0.05533516
    0.03069244
   -0.00233226
    0.00061338
   -0.00152020
    0.00154289
   -0.04344831
    0.04255441
    0.00054018
    0.00268642
   -0.00330453
   -0.00047321
    0.00216870
    0.04497166
   -0.05680778
    0.00509234
   -0.03641836
    0.00060013
    0.00011682
   -0.00266478
   -0.02949115
   -0.05275448
   -0.00183854
   -0.04201839
   -0.00309347
   -0.00405964
    0.00257418
    0.04420387
    0.04527993
    0.03941006
    0.03839142
    0.04052351
    0.05004185
    0.03718094
    0.03557573
    0.04317960
    0.05246912
    0.04812758
    0.03357282
    0.04515509
    0.03857696
    0.03073072
    0.04178845
   -0.07805355
   -0.07450990
   -0.06929133
   -0.09953049
