           1           3   1.72865195425460     
           1           5   1.14787791026947     
           2           7   1.63491473334223     
           2          13   1.20828484368475     
           4          13   1.34304593222257     
           4          19   1.29226262756068     
           5          19   1.23185227446693     
           5          24   1.39576122565882     
           6          30   1.71941354829494     
           9          30   1.15984519402024     
          24          31   1.37621816131071     
          26          31   1.30729481052868     
          11          32   1.20473758748366     
          26          32   1.19071028312040     
          28          32   1.32480224383308     
          12          33   1.30924536436711     
          28          33   1.20315132210654     
          29          33   1.24145233624578     
           8          34   1.24739272319066     
          25          34   1.28187468485368     
          29          34   1.24172140060260     
           7          35   1.21478681086933     
           9          35   1.30504621148498     
          14          35   1.22926089333868     
           9          36   1.25323040166345     
          10          36   1.24314009752679     
          15          36   1.24366558752615     
          11          37   1.28037657182322     
          16          37   1.43944349954478     
          10          38   1.48691578964890     
          17          38   1.28190043303731     
          11          39   1.26362174069751     
          12          39   1.18130317355863     
          18          39   1.31901094405838     
           8          40   1.58651426676128     
          12          40   1.25796900434856     
          13          41   1.21851638859240     
          14          41   1.26669416194055     
          21          41   1.25393066978908     
          14          42   1.25231934992395     
          15          42   1.24693454932094     
          22          42   1.24497685023199     
          15          43   1.24947503885583     
          17          43   1.25032354851117     
          23          43   1.23983941673472     
          16          44   1.37533621589588     
          18          44   1.49858147639191     
          17          45   1.26177904907061     
          20          45   1.48733151554668     
          19          46   1.22903641283657     
          21          46   1.25973987368998     
          26          46   1.23846547557900     
          20          47   1.14140949220191     
          27          47   1.73885313474768     
          21          48   1.23581789579338     
          22          48   1.28321261386824     
          28          48   1.21853890134595     
          22          49   1.21097650181800     
          23          49   1.27556676310141     
          29          49   1.26076409886813     
          20          50   1.17535414797960     
          23          50   1.22104111340498     
          25          50   1.35628527150418     
           1          51  0.956312995853640     
           8          52  0.953393437742091     
          16          53  0.966600090862049     
          18          54  0.959409288421144     
          24          55  0.962699148381012     
          27          56  0.961802669765824     
          40          57  0.958751792104480     
          44          58  0.969217018402141     
           2          59  0.952810621285909     
           3          60  0.961548703561595     
           6          61  0.963112936557392     
           7          62  0.958664346288586     
          30          63  0.947299961812453     
          38          64  0.964410251644091     
          45          65  0.965168587891934     
          47          66  0.956131686227534     
           6          67   1.11537244378963     
          10          67   1.03933402969237     
          25          68   1.04651113316257     
          27          68   1.11210851639973     
           3          69   1.12046262126381     
           4          69   1.03893458692358     
          31          70   1.06718323504755     
          37          70   1.05450756770429     
