   -0.06474816
   -0.03590225
    0.09890138
    0.11732784
    0.01903171
   -0.03289002
   -0.05282446
   -0.03457848
   -0.01319809
    0.13506788
   -0.02238011
    0.00395026
   -0.03282040
    0.00755891
   -0.05088442
    0.14027916
   -0.04912897
   -0.02120808
    0.01841641
   -0.03033328
    0.01002344
   -0.00457088
   -0.07199409
    0.12585195
   -0.03091433
    0.09872413
   -0.00175011
    0.00149207
   -0.05267417
    0.14554963
    0.00006161
    0.00183626
   -0.01377897
    0.11703598
   -0.01065594
    0.12374448
    0.00402882
   -0.03569242
    0.13294200
   -0.02144369
   -0.01818942
   -0.03266348
   -0.07312739
   -0.00266805
   -0.06185562
    0.00312148
   -0.00613469
   -0.01481873
    0.04985856
    0.04109815
    0.04486815
    0.03229882
    0.04969429
    0.05848510
    0.03715669
    0.03485118
    0.04270969
    0.05623689
    0.03688704
    0.04358067
    0.03492614
    0.04957064
    0.05106987
   -0.06718780
    0.04451953
    0.02480096
   -0.22956196
   -0.19456817
   -0.21903438
   -0.20147636
   -0.27151426
    0.03961388
