           1           3   1.71191634471143     
           1           5   1.13446101712980     
           2           7   1.52607845235430     
           2          13   1.19958467916207     
           4          13   1.32301778732272     
           4          18   1.26734677441362     
           5          18   1.22655014534544     
           5          23   1.42460962279105     
           6          29   1.52482143965744     
           9          29   1.27640439077348     
          23          30   1.32927862168547     
          25          30   1.31460326851816     
          11          31   1.46643447596114     
          25          31   1.11800683582574     
          27          31   1.18920867522107     
          12          32   1.31248250489643     
          27          32   1.19254679969176     
          28          32   1.24916718677420     
           8          33   1.24610599552396     
          24          33   1.27801424070382     
          28          33   1.22899156336966     
           7          34   1.31174574813191     
           9          34   1.22883778440498     
           9          35   1.22582636965479     
          10          35   1.27871661029161     
          14          35   1.18739895358707     
          11          36  0.987928717501259     
          15          36   1.01278950490021     
          11          37   1.21428452318206     
          12          37   1.14917234952086     
          17          37   1.43287167819674     
           8          38   1.57506281653951     
          12          38   1.27144424156954     
          13          39   1.21770548929511     
          20          39   1.35407595524948     
          14          40   1.37199545089142     
          21          40   1.32543645695795     
          14          41   1.17662189188402     
          16          41   1.30331421819395     
          22          41   1.24278788266279     
          15          42   1.71261649950340     
          17          42   1.23477893981641     
          16          43   1.33437220924192     
          19          43   1.41440826684858     
          18          44   1.24979820862450     
          20          44   1.21681164853253     
          25          44   1.27543816102436     
          19          45   1.14905216671262     
          26          45   1.69631036925246     
          20          46   1.13276775938140     
          21          46   1.21510420556095     
          27          46   1.35256630935400     
          21          47   1.20334855472419     
          22          47   1.26797233022163     
          28          47   1.26691658698072     
          19          48   1.21266804166987     
          22          48   1.23574189946625     
          24          48   1.29855520324676     
           1          49  0.966250068557095     
           8          50  0.967825802515683     
          15          51  0.967940953948921     
          17          52  0.964653844351923     
          23          53  0.965731972865338     
          26          54  0.958565200195609     
          38          55  0.962179385442992     
          42          56  0.967133592904997     
           2          57  0.968481636411831     
           3          58  0.958423331371913     
           6          59  0.969914286029640     
           7          60  0.958907817269185     
          29          61  0.961528213148126     
          43          62  0.965988770480937     
          45          63  0.966053781288351     
           6          64   1.34926410005549     
          10          64   1.41746168933193     
          64          65  0.968106719526950     
          36          66  0.918384997497680     
          10          67   1.02957552316230     
          16          67   1.06624963777161     
          24          68   1.04561449795457     
          26          68   1.10407133478633     
          34          69   1.01561920760964     
          39          69   1.06629947788461     
           3          70   1.09967178730302     
           4          70   1.03451795566443     
          30          71   1.08398036501763     
          36          71  0.935255441085337     
          40          72  0.964969776064518     
