   -0.03416016
   -0.03007585
   -0.03711453
    0.00630764
    0.00524521
    0.00474849
    0.00203504
   -0.04215406
    0.00384096
    0.00352287
    0.00065699
   -0.04419062
    0.01163177
   -0.00054656
    0.00141880
   -0.04294171
    0.01120663
    0.00019615
    0.00079980
   -0.00059542
    0.00356311
    0.00181005
   -0.04229405
   -0.00108161
    0.00326742
    0.00058270
   -0.03626537
    0.01176565
    0.00203050
    0.00631459
   -0.02901296
   -0.03657036
    0.00494159
   -0.03695464
   -0.03703356
    0.00457137
   -0.00058623
    0.00166360
    0.00169194
    0.00030833
    0.00005107
    0.00000968
    0.00043103
   -0.00020163
    0.00045183
   -0.00038561
   -0.00002333
   -0.00025686
   -0.00021337
   -0.00057197
   -0.00007629
   -0.00028258
   -0.00127593
    0.00016620
    0.00002790
   -0.00017041
    0.00003231
   -0.00014711
   -0.00039381
   -0.00018841
    0.00477189
    0.00107202
    0.00129987
    0.00447073
   -0.03688035
   -0.03636443
    0.00548043
   -0.03625450
   -0.03616650
    0.00772407
   -0.00021079
    0.00285867
    0.00244074
    0.00192786
   -0.00001221
    0.00038620
    0.00071950
   -0.00208205
    0.00053289
   -0.00038286
    0.00040924
   -0.00015701
   -0.00009389
   -0.00029146
    0.00001595
   -0.00024010
   -0.00060839
   -0.00003601
    0.00024414
   -0.00049276
   -0.00004217
   -0.00027956
   -0.00020742
   -0.00011578
    0.00505551
    0.00129449
    0.00137793
    0.00471040
   -0.03651651
   -0.03622138
    0.00389648
   -0.03117172
   -0.03958517
    0.00811948
    0.00036602
    0.00032429
    0.00263405
    0.00060268
    0.00282781
   -0.00037360
    0.00090785
    0.00008117
    0.00028244
   -0.00015084
    0.00068498
   -0.00009928
   -0.00000208
   -0.00035046
    0.00013766
   -0.00008717
   -0.00009875
    0.00050819
   -0.00064026
   -0.00009623
   -0.00032127
   -0.00014081
    0.00024474
    0.00488417
    0.00146300
    0.00131528
    0.00473532
   -0.03630558
   -0.03638235
    0.00617540
   -0.03599573
   -0.02883293
   -0.03602765
    0.00029938
    0.00077437
    0.01244668
   -0.04162775
    0.00153299
    0.00417515
    0.00386534
    0.00114017
    0.00278504
    0.00429285
   -0.04184878
    0.00141402
   -0.00073671
    0.01093779
   -0.04125144
    0.00219994
    0.00309992
    0.00480212
    0.00084726
    0.00322494
    0.00328523
   -0.04205030
    0.00668618
    0.00141796
    0.01189811
   -0.03636746
   -0.03645360
   -0.02930379
    0.03576741
    0.03321599
    0.03618375
    0.04862526
    0.03589448
    0.03454055
    0.04008409
    0.04015887
    0.03351601
    0.03476408
    0.03430002
    0.03639379
    0.03382255
    0.03515094
    0.03597045
    0.03479695
    0.03257121
    0.03387187
    0.03681663
    0.05032508
    0.03683545
    0.03733800
    0.04995879
    0.03554141
    0.03251597
    0.03110771
    0.03086103
    0.03376104
    0.03403424
    0.03378197
    0.03359545
    0.03350424
    0.03378745
    0.03390392
    0.03369543
   -0.04623026
   -0.08666641
   -0.08455345
   -0.02810805
   -0.08311131
