           1           2   1.38969309223425     
           2           3   1.48308803904513     
           3           4   1.34090900789523     
           1           5   1.43828474369589     
           4           6   1.29210794177298     
           5           6   1.29557304521006     
           6           7   1.15420517561468     
           8           9   1.56216622568209     
           7          10   1.27189161336934     
           9          10   1.18895368593264     
          10          11   1.25809103877601     
           8          13   1.21854473333265     
          12          13   1.38997984571676     
          11          14   1.25674799224604     
          13          14   1.20721441453633     
          14          15   1.26305659046509     
          12          17   1.30942334715113     
          16          17   1.30444499990602     
          15          18   1.27477529223606     
          17          18   1.20350201550233     
          18          19   1.24787135441372     
          16          20   1.40783200735259     
          19          21   1.27922681811296     
          20          21   1.20225819349605     
          21          22   1.24337694386779     
          23          24   1.41475723612324     
          22          25   1.24496843316947     
          24          25   1.19921213908849     
          25          26   1.28675156881493     
          23          28   1.29989987035138     
          27          28   1.28574737045470     
          26          29   1.23432101997689     
          28          29   1.23069220744928     
          29          30   1.26963781590791     
          27          31   1.49330955270438     
          30          32   1.38187555751547     
          31          32   1.39563910198800     
           4          33   1.14164905133737     
          33          34   1.32271934776849     
          34          35   1.50949123402750     
          35          36   1.32008420206226     
           7          37   1.29611279871425     
          33          38   1.29613518305060     
          37          38   1.19997006314780     
          36          39   1.28534454043088     
          38          39   1.25642850862777     
          39          40   1.20925519498139     
          11          41   1.23486073884821     
          37          42   1.24729523174872     
          41          42   1.27893879427331     
          40          43   1.26837557105961     
          42          43   1.21724075715475     
          43          44   1.25721005361736     
          15          45   1.21869521000657     
          41          46   1.22932118050091     
          45          46   1.27056703101957     
          44          47   1.23776631982222     
          46          47   1.24451694021729     
          47          48   1.26133161642370     
          19          49   1.22379630477686     
          45          50   1.25240954608247     
          49          50   1.24451945095314     
          48          51   1.25158406688211     
          50          51   1.24891401541965     
          51          52   1.24404841910958     
          22          53   1.25151890300312     
          49          54   1.27185823081362     
          53          54   1.24322083446131     
          52          55   1.26863278604916     
          54          55   1.23061430292720     
          55          56   1.24116753433884     
          26          57   1.22727369614513     
          53          58   1.24534578388763     
          57          58   1.28931692997310     
          56          59   1.25597081468920     
          58          59   1.21229877297592     
          59          60   1.27367583516320     
          30          61   1.13657349459039     
          57          62   1.21692949141948     
          61          62   1.28434455787183     
          60          63   1.22210826005290     
          62          63   1.25257619332045     
          63          64   1.27872980081704     
          61          65   1.33870354810448     
          64          66   1.33224483595097     
          65          66   1.49409969096710     
          36          67   1.15754841483047     
          67          68   1.32995150936737     
          68          69   1.49644887798716     
          69          70   1.32484695615667     
          40          71   1.26336868982625     
          67          72   1.26600796318913     
          71          72   1.20454789938680     
          70          73   1.26070989295244     
          72          73   1.28594371645074     
          73          74   1.16205788689677     
          44          75   1.25170495946546     
          71          76   1.26829085136401     
          75          76   1.25912639110761     
          74          77   1.27015855693866     
          76          77   1.21531922027701     
          77          78   1.25212481611020     
          48          79   1.23096551446470     
          75          80   1.23323334153686     
          79          80   1.26560735700403     
          78          81   1.23389760886756     
          80          81   1.24399971418689     
          81          82   1.26492055288032     
          52          83   1.23242752423107     
          79          84   1.24769051025859     
          83          84   1.24482860242756     
          82          85   1.24774827668676     
          84          85   1.25272106668947     
          85          86   1.24433824762498     
          56          87   1.24963133799173     
          83          88   1.26645212377083     
          87          88   1.24071201361435     
          86          89   1.26745686548505     
          88          89   1.23708784754976     
          89          90   1.23890347280568     
          60          91   1.24728710570640     
          87          92   1.25417791256929     
          91          92   1.27470211188522     
          90          93   1.25263730965864     
          92          93   1.21613032020676     
          93          94   1.27553796782761     
          64          95   1.15341069535621     
          91          96   1.21858939218296     
          95          96   1.28394792023762     
          94          97   1.21777303327474     
          96          97   1.25114520635950     
          97          98   1.28470048947921     
          95          99   1.32474253947396     
          98         100   1.32495104841682     
          99         100   1.50572786999803     
          70         101   1.15532491736801     
         101         102   1.44295703957332     
         102         103   1.37685426368947     
         103         104   1.32852117642391     
          74         105   1.29992463588537     
         104         106   1.29497267557871     
         106         107   1.28539870773086     
          78         108   1.25939597898709     
         105         109   1.30375743047156     
         108         109   1.25000215473124     
         107         110   1.23597701691762     
         109         110   1.17803230623579     
         110         111   1.27837935248097     
          82         112   1.23076847805938     
         108         113   1.22786387327180     
         112         113   1.26596568680198     
         111         114   1.20534098980304     
         113         114   1.24685905604281     
         114         115   1.28412387776873     
          86         116   1.23192222396300     
         112         117   1.24557437207580     
         116         117   1.24199637458597     
         115         118   1.23977475178269     
         117         118   1.25954447886931     
         118         119   1.24268815779608     
          90         120   1.25444088897928     
         116         121   1.27033309685806     
         120         121   1.23269407037713     
         119         122   1.27725472559522     
         121         122   1.23942614177813     
         122         123   1.22555548588291     
          94         124   1.24856029785020     
         120         125   1.25767703429597     
         124         125   1.27203150831706     
         123         126   1.23095540003046     
         125         126   1.21305094209735     
         126         127   1.30089544497416     
          98         128   1.15254665648674     
         124         129   1.22168926240816     
         128         129   1.27795093421692     
         127         130   1.20879973143741     
         129         130   1.25462814934573     
         130         131   1.28967547491420     
         128         132   1.33359087142700     
         131         133   1.33802132900945     
         132         133   1.49405968684068     
         104         134   1.12700872042421     
         134         135   1.39217846100585     
         135         136   1.40565877728179     
         136         137   1.47789699273326     
         107         138   1.20679697748024     
         134         139   1.25880579384589     
         138         139   1.23541018401429     
         137         140   1.31719436010130     
         139         140   1.25224818002684     
         140         141   1.24014460618407     
         111         142   1.26745534063294     
         138         143   1.29205422209598     
         142         143   1.22672933085533     
         141         144   1.54411936892088     
         143         144   1.20540466343937     
         115         145   1.21855885487085     
         142         146   1.21447166889423     
         145         146   1.27805919284290     
         146         147   1.22726225689373     
         147         148   1.50975418227031     
         119         149   1.22154307944245     
         145         150   1.24790139784138     
         149         150   1.24294704673116     
         148         151   1.26703902181354     
         150         151   1.25058864339587     
         151         152   1.27859565198732     
         123         153   1.29120519774638     
         149         154   1.28431343169949     
         153         154   1.19537637949507     
         152         155   1.49671349021992     
         154         155   1.24388302198959     
         127         156   1.22924661818625     
         153         157   1.23680171740452     
         156         157   1.28558526322193     
         157         158   1.19993756693480     
         158         159   1.54768545310265     
         131         160   1.13419359030524     
         156         161   1.23230046924329     
         160         161   1.26280272033950     
         159         162   1.23649972466623     
         161         162   1.25241048857624     
         162         163   1.32013905899071     
         160         164   1.38910510132636     
         163         165   1.47476894505755     
         164         165   1.40964806446987     
           1         166  0.961595490775504     
           2         167  0.969054445976856     
           3         168  0.960710684246133     
           8         170  0.958055633916035     
          12         171  0.965722727119998     
          16         172  0.958884564669357     
          23         173  0.958742849755485     
          27         174  0.968514667345168     
          34         175  0.960584974655214     
          35         176  0.960123537286098     
          68         177  0.959307137312075     
          69         178  0.964416222911336     
         102         179  0.955776757896228     
         103         180  0.962570376536920     
         135         181  0.962949459755385     
         136         182  0.970018923438591     
         137         183  0.968356099703540     
         141         184  0.957372573822971     
         148         186  0.957966918724922     
         152         187  0.957580499715392     
         159         189  0.957983531801916     
         163         190  0.968604834305753     
         165         191  0.970317406055004     
          31         192  0.970057631418153     
          32         193  0.962302805907025     
          65         194  0.961018596266117     
          66         195  0.960688797378746     
          99         196  0.960787077631493     
         100         197  0.961159060271373     
         132         198  0.961143454576980     
         133         199  0.961664726319721     
         164         200  0.962550974071171     
          20         201   1.21783342450746     
          24         201   1.21474928502301     
         155         202   1.03620540534834     
         158         202   1.04057934547346     
         188         202  0.938184204123720     
         144         203   1.03654002746484     
         147         203   1.03950870429790     
         185         203  0.939883310116098     
         101         204   1.04037031244105     
         105         204   1.03662173642383     
         106         204   1.04897411098643     
           5         205   1.03838707887867     
           9         205   1.03688455122543     
         169         205  0.941491765833084     
