   -0.02325960
   -0.03218629
   -0.02859523
    0.00753994
    0.21060267
   -0.07213015
    0.00555187
   -0.00170790
   -0.02278779
   -0.07510072
    0.00870670
   -0.00084639
   -0.01837079
    0.00105529
    0.00586831
   -0.07723721
   -0.01593923
   -0.07029260
    0.19153738
   -0.07704001
    0.20967488
   -0.08162925
    0.01317596
   -0.00297118
   -0.02562368
   -0.06978952
    0.01054168
    0.00188972
   -0.02656226
    0.01017860
    0.00269718
    0.01252068
   -0.02875690
   -0.02951541
    0.00910110
   -0.03687246
   -0.03288031
   -0.06105670
    0.00633780
   -0.07906040
    0.18271117
   -0.07485971
    0.00236753
   -0.00580111
    0.00678083
    0.00097839
    0.00847513
   -0.00119746
    0.00125166
    0.00358936
    0.00419441
    0.00140527
   -0.00053149
    0.00322900
    0.00053911
   -0.00183827
    0.00102844
    0.00444131
    0.00148153
   -0.00263176
    0.00354397
    0.00654883
   -0.06217799
    0.00354180
   -0.00591177
    0.01542377
    0.20003037
   -0.10256901
    0.01217580
   -0.03006403
   -0.03532770
    0.01891286
    0.00312234
   -0.00110156
   -0.00061953
    0.00623691
    0.00217196
    0.00307268
   -0.00009210
    0.00268349
   -0.07536765
    0.00470569
   -0.00050982
    0.00432261
   -0.07744872
    0.19283093
   -0.07339918
    0.00493140
    0.00399748
    0.00085459
   -0.00373902
    0.00421128
   -0.07163421
    0.00253434
   -0.00729592
    0.00300895
   -0.05219616
    0.16751905
   -0.07903810
    0.01360248
   -0.02973203
   -0.03323601
   -0.06734913
   -0.02959913
   -0.04186907
    0.01142411
   -0.07483957
    0.18110395
   -0.07880398
    0.00615943
    0.00226405
    0.00821088
   -0.00794415
    0.00176800
   -0.00163864
    0.00197776
    0.00362167
   -0.00139582
    0.00389637
    0.00204794
    0.00695523
   -0.07596797
    0.00355711
    0.00026274
    0.00025157
   -0.00403357
    0.00725126
   -0.00159457
    0.00297707
    0.00461822
   -0.06315066
    0.00059801
    0.00031745
    0.01214610
    0.20521127
   -0.11673471
    0.00792370
   -0.02979557
   -0.03052925
   -0.03092642
    0.00109910
    0.00512320
    0.00979015
   -0.02474960
   -0.00473553
    0.00593295
   -0.07180755
    0.21397949
    0.00019516
    0.00797293
   -0.07264918
   -0.02393838
    0.18514689
   -0.06985490
    0.01030109
   -0.02694671
    0.00456593
   -0.06773762
   -0.07176591
    0.21491593
   -0.00079799
    0.00782635
   -0.07010047
   -0.02759021
    0.00586046
    0.00293420
    0.00950007
   -0.03227746
   -0.02997828
   -0.03051575
    0.03223112
    0.02649888
    0.03238369
   -0.10790088
    0.03443595
    0.02893512
    0.02789693
   -0.10894494
    0.03722768
    0.03811285
    0.02965816
    0.02042534
    0.03606490
    0.03538219
    0.02130578
    0.02751141
    0.03685296
    0.03176886
    0.03474726
    0.03621025
   -0.10583868
    0.03119238
    0.03221521
   -0.10821491
    0.03532321
    0.03438708
    0.03206593
    0.03565414
    0.04897429
   -0.10597386
    0.03113482
    0.02460586
    0.04221228
   -0.10871159
    0.02197137
    0.03922474
