           1           2   1.38390149756636     
           2           3   1.49312864288484     
           3           4   1.31983252941224     
           1           6   1.43081977219795     
           5           6   1.06837726338002     
           4           7   1.27266796688253     
           6           7   1.27187921253313     
           7           8   1.20399093205922     
           5          10   1.07274828889560     
           9          10   1.41724709029517     
           8          11   1.21279336727588     
          10          11   1.26013854487305     
          11          12   1.25575960888066     
           9          14   1.34529127702465     
          13          14   1.24263622437878     
          12          15   1.26278075358958     
          14          15   1.20265748303510     
          15          16   1.27221288765725     
          13          18   1.47290286160115     
          17          18   1.24689271473582     
          16          19   1.07254044070401     
          18          19   1.05566776369677     
          19          20   1.07150334128015     
          17          22   1.50270064263675     
          21          22   1.10416748438955     
          20          23   1.33711073977293     
          22          23   1.16183816836123     
          23          24   1.22460433778584     
          21          26   1.04329847921608     
          25          26   1.51388608458362     
          24          27   1.23556283353946     
          26          27   1.21484902490897     
          27          28   1.26801969015017     
          25          30   1.24954088502434     
          29          30   1.31939103811301     
          28          31   1.25280996758310     
          30          31   1.24508224651047     
          31          32   1.23782560582239     
          29          33   1.44418805711664     
          32          34   1.32172275630903     
          33          34   1.44507341732550     
           4          35   1.17867331841661     
          35          36   1.21442951383457     
          36          37   1.56161308346297     
          37          38   1.28486495972563     
           8          39   1.30628110309514     
          35          40   1.36325039171428     
          39          40   1.24359237977605     
          38          41   1.05714550258264     
          40          41   1.07979514966353     
          41          42   1.08750959521622     
          12          43   1.22857472911934     
          39          44   1.19578043574224     
          43          44   1.28275984782130     
          42          45   1.27443582398589     
          44          45   1.23239321896862     
          45          46   1.23493234966395     
          16          47   1.33222308159875     
          43          48   1.23427315268854     
          47          48   1.24607679357063     
          46          49   1.25217354463360     
          48          49   1.25501579504233     
          49          50   1.23510747854465     
          20          51   1.28665495125391     
          47          52   1.16217224818298     
          51          52   1.18604349984739     
          50          53   1.17765536261297     
          52          53   1.37685081663667     
          53          54   1.17577412233280     
          24          55   1.27415602758875     
          51          56   1.26185996829756     
          55          56   1.24579108746855     
          54          57   1.24464096482698     
          56          57   1.23593523775078     
          57          58   1.25892044406974     
          28          59   1.23292935898713     
          55          60   1.22004242784843     
          59          60   1.27276703002429     
          58          61   1.23918525844734     
          60          61   1.25375001034884     
          61          62   1.23322752067696     
          32          63   1.23398956446865     
          59          64   1.21862912828677     
          63          64   1.30096905201075     
          62          65   1.30268993820334     
          64          65   1.24002782583373     
          65          66   1.12161557568287     
          63          67   1.05422816860926     
          66          68   1.50949414530028     
          67          68   1.11995681372045     
          38          69   1.28945100806643     
          69          70   1.26172800150979     
          70          71   1.56172191573259     
          71          72   1.26803735035800     
          42          73   1.30024171268119     
          69          74   1.19702375989158     
          73          74   1.18247076254301     
          72          75   1.18910020284851     
          74          75   1.34979457077130     
          75          76   1.18961295345917     
          46          77   1.25332811994460     
          73          78   1.25908147192670     
          77          78   1.23063781690276     
          76          79   1.27199257398573     
          78          79   1.24723657813906     
          79          80   1.21868341642083     
          50          81   1.32810101182819     
          77          82   1.25699619552167     
          81          82   1.28853405762977     
          80          83   1.30129360966480     
          82          83   1.19558493158596     
          83          84   1.21538075589329     
          54          85   1.32329245921558     
          81          86   1.06293235846399     
          85          86   1.07670531631867     
          84          87   1.28280118363078     
          86          87   1.06314049250960     
          87          88   1.31736021512731     
          58          89   1.23725635643314     
          85          90   1.27830230247433     
          89          90   1.26475804828461     
          88          91   1.20251020908090     
          90          91   1.20610457538857     
          91          92   1.29382587475788     
          62          93   1.21546210115842     
          89          94   1.23086948932046     
          93          94   1.29828852098898     
          92          95   1.26915323740766     
          94          95   1.22175674999147     
          95          96   1.21642883958392     
          66          97   1.17704106705767     
          93          98   1.11935457866265     
          97          98   1.08039643860427     
          96          99   1.29452278615262     
          98          99   1.09333242705210     
          99         100   1.27686215731076     
          97         101   1.32978913371581     
         100         102   1.21543033331092     
         101         102   1.52284229720898     
          72         103   1.28139273555919     
         103         104   1.29976567103702     
         104         105   1.53296592284373     
         105         106   1.24809377726762     
          76         107   1.27355007263074     
         103         108   1.06779480887495     
         107         108   1.07699777097066     
         106         109   1.35017856265299     
         108         109   1.08377717175489     
         109         110   1.24770171689225     
          80         111   1.22397497419989     
         107         112   1.31397405464578     
         111         112   1.24035009215299     
         110         113   1.25559455057057     
         112         113   1.18471991736594     
         113         114   1.27936993098872     
          84         115   1.24730481437893     
         111         116   1.27032857102116     
         115         116   1.25017985277747     
         114         117   1.19610681871789     
         116         117   1.21230917201636     
         117         118   1.33436174159759     
          88         119   1.22880506867285     
         115         120   1.24428161656216     
         119         120   1.26500644777353     
         118         121   1.18348579380962     
         120         121   1.23292713905958     
         121         122   1.32651015296100     
          92         123   1.18962409625990     
         119         124   1.24033430480036     
         123         124   1.25202030479181     
         122         125   1.26997286442330     
         124         125   1.25230971500879     
         125         126   1.22214006299545     
          96         127   1.24289141564836     
         123         128   1.28336074551830     
         127         128   1.22867440603035     
         126         129   1.31254765641826     
         128         129   1.22761507718906     
         129         130   1.20013342104572     
         100         131   1.28568296005126     
         127         132   1.25211268600542     
         131         132   1.30328829286375     
         130         133   1.36695003045815     
         132         133   1.19686605144197     
         133         134   1.14249685111072     
         131         135   1.04565808099470     
         134         136   1.56474332101234     
         135         136   1.12488294181274     
         106         137   1.15144292740117     
         137         138   1.37505582986776     
         138         139   1.41574363198263     
         139         140   1.46960036466160     
         110         141   1.23396271357792     
         137         142   1.25620332122967     
         141         142   1.23328170345037     
         140         143   1.31740934832110     
         142         143   1.25110052657680     
         143         144   1.24632646320015     
         114         145   1.26996194465647     
         141         146   1.28296880611206     
         145         146   1.24642448172870     
         144         147   1.52266330681649     
         146         147   1.20052926179484     
         147         148   1.05736631032964     
         118         149   1.19551715392513     
         145         150   1.20884020782108     
         149         150   1.27895027284110     
         148         151   1.07777093725059     
         150         151   1.23989971282276     
         151         152   1.45245822191838     
         122         153   1.07033336989172     
         149         154   1.28845346943597     
         153         154   1.06787550059060     
         152         155   1.30644139492025     
         154         155   1.29761742332558     
         155         156   1.20235360004610     
         126         157   1.18133949148099     
         153         158   1.07975662214653     
         157         158   1.36369642801967     
         156         159   1.51365540638377     
         158         159   1.20020309217720     
         159         160   1.07936959918985     
         130         161   1.17295636212123     
         157         162   1.18386357551005     
         161         162   1.33704276845726     
         160         163   1.04749883211589     
         162         163   1.21085518471178     
         163         164   1.51397103262176     
         134         165   1.10353832458778     
         161         166   1.23236790492018     
         165         166   1.26328125930956     
         164         167   1.26024287962423     
         166         167   1.24825465113743     
         167         168   1.30126819423798     
         165         169   1.41454247754756     
         168         170   1.49753203854345     
         169         170   1.38512862997700     
           1         171  0.969620289352131     
           2         172  0.969897287665888     
           3         173  0.959829182625667     
           5         174  0.969386466642159     
           9         175  0.965735485296609     
          13         176  0.962224575799659     
          17         177  0.964232974946125     
          21         178  0.968731369605602     
          25         179  0.966011685416055     
          29         180  0.968356009902952     
          36         181  0.960642764279903     
          37         182  0.959080280100933     
          70         183  0.960720945280223     
          71         184  0.961037890183329     
         104         185  0.959666739898112     
         105         186  0.962197570963675     
         138         187  0.961529440829580     
         139         188  0.970044417599715     
         140         189  0.968210284400070     
         144         190  0.965857309342651     
         148         191  0.969659549279468     
         152         192  0.966248370951622     
         156         193  0.967556856099957     
         160         194  0.969188014306340     
         164         195  0.965931343633550     
         168         196  0.968286316785268     
         170         197  0.970090443068235     
          33         198  0.969431641147799     
          34         199  0.963301793798914     
          67         200  0.959145794574829     
          68         201  0.962680864566445     
         101         202  0.958863655185396     
         102         203  0.964134610976272     
         135         204  0.961658064829881     
         136         205  0.963950329765287     
         169         206  0.963172027967222     
