   -0.06084739
   -0.02899108
   -0.04522594
    0.00283633
    0.14049966
   -0.01870548
    0.00797720
   -0.06779221
    0.13817987
   -0.01977565
    0.00002507
   -0.08827712
    0.02472593
   -0.00175599
   -0.01158585
   -0.09575433
    0.13773250
    0.13504936
    0.15104090
   -0.04014383
    0.00376151
   -0.06625122
    0.13380289
   -0.02142854
    0.00111736
   -0.04212575
    0.01246194
   -0.00320790
    0.00798016
   -0.02936145
   -0.04166924
   -0.01678230
   -0.03330468
   -0.04905218
    0.12153839
   -0.02201006
    0.13723316
   -0.01598419
    0.00043584
    0.00636935
    0.00362298
    0.00014895
    0.00512788
   -0.00002900
   -0.00071323
   -0.00008699
   -0.01910959
    0.00786330
    0.00215515
    0.00204815
   -0.00708220
    0.00114227
   -0.00063244
   -0.00152472
   -0.00158387
    0.00191316
   -0.00611931
   -0.00781223
   -0.00854503
    0.00319454
   -0.00993500
   -0.00311627
   -0.03224773
   -0.05105692
   -0.02120358
   -0.04372890
   -0.04358302
   -0.02172463
    0.00410275
    0.00554733
    0.00633215
    0.00472525
   -0.00207262
    0.00092688
    0.00044400
   -0.00263979
   -0.00113379
   -0.00049611
   -0.00130010
   -0.00075549
   -0.00267718
    0.00076469
   -0.00058243
    0.00046695
   -0.00163068
    0.00100438
   -0.00169470
    0.00215230
    0.08271577
   -0.01045116
   -0.01143973
   -0.01389263
    0.04845890
    0.07723719
   -0.01653483
   -0.04747179
   -0.07329513
    0.12422461
   -0.04928417
   -0.03124339
   -0.01458084
   -0.01626668
    0.13569219
   -0.02031509
    0.00043609
    0.00472413
    0.00755455
   -0.00216007
   -0.00005221
   -0.00033566
   -0.00137466
    0.00011232
   -0.00325645
    0.00017289
   -0.00089684
    0.00001749
   -0.00465748
   -0.00026070
    0.00024435
   -0.00226784
   -0.01089674
    0.00227274
   -0.00155715
   -0.00368781
    0.11473567
   -0.01221937
    0.00656266
   -0.01437727
    0.09057167
    0.00419433
   -0.04109713
   -0.02968079
   -0.04054112
   -0.00158567
   -0.00751309
    0.01487883
   -0.07492238
    0.00871648
   -0.01516736
    0.13609053
    0.00105566
   -0.02043844
    0.14000180
   -0.07030706
   -0.00007615
   -0.01055441
    0.01539226
   -0.07089204
    0.00645381
   -0.01760227
    0.13824684
    0.00034281
   -0.01680014
    0.13899634
   -0.07120639
    0.00481127
   -0.00001025
    0.01424829
   -0.03730064
   -0.04260761
   -0.02812226
    0.04994734
    0.04131378
    0.03991957
    0.05138143
    0.04439913
    0.05526151
    0.04811954
    0.03090758
    0.03638857
    0.04417985
    0.02907478
    0.02950899
    0.04418298
    0.03767748
    0.03190033
    0.03088980
    0.03341674
    0.04647748
    0.04927654
    0.04876191
    0.04876672
    0.03712968
    0.03479644
    0.02937695
    0.03058007
    0.03472951
    0.02824675
    0.05157549
    0.03734191
    0.06076395
    0.02792226
   -0.18587143
   -0.03195099
   -0.22615547
   -0.23079816
   -0.23192425
   -0.23049395
   -0.23156819
   -0.22861790
   -0.21799806
    0.03948185
    0.03507170
    0.03504764
