           1           2   1.38302828719289     
           2           3   1.49124312793992     
           3           4   1.32501864012622     
           1           5   1.41041273375539     
           4           6   1.26573733671404     
           5           6   1.25914829650371     
           6           7   1.21719138659782     
           8           9   1.37153839448438     
           7          10   1.20471644489815     
           9          10   1.26438203799846     
          10          11   1.25764336358528     
           8          13   1.38274805489911     
          12          13   1.16431007522952     
          11          14   1.25754117404991     
          13          14   1.21279948658933     
          14          15   1.27949242933540     
          12          17   1.54964311702803     
          16          17   1.17604779458861     
          16          19   1.55047219178500     
          18          20   1.39154059369187     
          19          20   1.10963264392327     
          20          21   1.22024284880500     
          22          23   1.50678658268167     
          21          24   1.23878745251553     
          23          24   1.19997946883051     
          24          25   1.27820526047059     
          22          27   1.23727834894869     
          26          27   1.32117200886821     
          25          28   1.23596996108968     
          27          28   1.25195831031759     
          28          29   1.25792952209317     
          26          30   1.46795533486380     
          29          31   1.37418298639544     
          30          31   1.41702208266555     
           4          32   1.17837058411410     
          32          33   1.18254600899614     
          33          34   1.60610159368275     
          34          35   1.23536080901065     
           7          36   1.30731659391701     
          32          37   1.38387645285663     
          36          37   1.21399654107660     
          11          39   1.22480093241743     
          36          40   1.18312417279942     
          39          40   1.28605309939971     
          38          41   1.28878340645653     
          40          41   1.22081181777135     
          41          42   1.24191887685620     
          15          43   1.38496498372223     
          39          44   1.23602337865404     
          43          44   1.21760198688078     
          42          45   1.23966207617840     
          44          45   1.27182377155324     
          45          46   1.22986453321972     
          18          47   1.20897481896704     
          43          48   1.16386869015978     
          47          48   1.23738608489961     
          46          49   1.22911797623953     
          48          49   1.29737077313435     
          49          50   1.22182320434393     
          21          51   1.27874425364381     
          47          52   1.25366721435733     
          51          52   1.24278310455765     
          50          53   1.27439589666923     
          52          53   1.24636843847864     
          53          54   1.21764332348213     
          25          55   1.23800220213492     
          51          56   1.22441602827373     
          55          56   1.28776471403533     
          54          57   1.26246390490960     
          56          57   1.23338198654319     
          57          58   1.22809349120483     
          29          59   1.15119750783286     
          55          60   1.20454052033290     
          59          60   1.26191073302853     
          58          61   1.17184203356365     
          60          61   1.29201473465440     
          61          62   1.23303588116915     
          59          63   1.31888289574801     
          62          64   1.26848656155482     
          63          64   1.52320003740178     
          35          65   1.37459460155648     
          65          66   1.18319522236176     
          66          67   1.65969939457197     
          67          68   1.18451123400709     
          38          69   1.39538757478727     
          65          70   1.14906154656644     
          69          70   1.14113690044665     
          68          71   1.15033044503900     
          70          71   1.43306605306706     
          71          72   1.14172243069171     
          42          73   1.25404643804235     
          69          74   1.22620513601801     
          73          74   1.25844487526120     
          72          75   1.23435145739435     
          74          75   1.24614995572606     
          75          76   1.25501063859905     
          46          77   1.27198477351576     
          73          78   1.23195742174436     
          77          78   1.23938859565918     
          76          79   1.23308760421638     
          78          79   1.26916940746672     
          79          80   1.24043678887541     
          50          81   1.24594061115747     
          77          82   1.23208682576135     
          81          82   1.25626459117668     
          80          83   1.25473104930062     
          82          83   1.25400191576974     
          83          84   1.23584821040213     
          54          85   1.27109736486208     
          81          86   1.23755164701813     
          85          86   1.24958257145183     
          84          87   1.26151696871956     
          86          87   1.25726809079116     
          87          88   1.21838934345242     
          58          89   1.34515457793586     
          85          90   1.21320706856401     
          89          90   1.31858206724252     
          88          91   1.31632234329385     
          90          91   1.20915910798383     
          91          92   1.16348663179720     
          62          93   1.25941031389296     
          92          94   1.38022350639580     
          94          95   1.27117667528814     
          93          96   1.36821010447286     
          95          97   1.20963899659115     
          96          97   1.47609038907087     
          68          98   1.36887958515529     
          98          99   1.23757607160607     
          99         100   1.60042071792013     
         100         101   1.19095169773970     
          72         102   1.38056766848344     
         101         103   1.39590711433472     
         103         104   1.21031429264464     
          76         105   1.25462819931431     
         102         106   1.31094353977080     
         105         106   1.25903665510657     
         104         107   1.25003424218601     
         106         107   1.17979265183941     
         107         108   1.27041070244065     
          80         109   1.24638613436060     
         105         110   1.22512217724823     
         109         110   1.25136763762622     
         108         111   1.21504653267921     
         110         111   1.26551061177777     
         111         112   1.25611173355579     
          84         113   1.24727589754709     
         109         114   1.24530627653756     
         113         114   1.25554063378509     
         112         115   1.26713640828953     
         114         115   1.24538873169114     
         115         116   1.23063525428810     
          88         117   1.21656078217664     
         113         118   1.23430386595088     
         117         118   1.27837448938065     
         116         119   1.27145716413559     
         118         119   1.23396842147110     
         119         120   1.23830784969065     
          92         121   1.21143911843685     
         117         122   1.23227260077945     
         121         122   1.24975744292207     
         120         123   1.23990818493919     
         122         123   1.26537447995022     
         123         124   1.22758603338080     
          95         125   1.26414257772363     
         121         126   1.25213817410585     
         125         126   1.28732352966816     
         124         127   1.34225924192621     
         126         127   1.22257274708122     
         127         128   1.13821797420736     
         128         129   1.55134851264107     
         101         130   1.15659809894290     
         130         131   1.36808156511145     
         131         132   1.42579682177716     
         132         133   1.45773693200296     
         104         134   1.23429818220449     
         130         135   1.25579346814107     
         134         135   1.24985037085037     
         133         136   1.33360404829414     
         135         136   1.24382201523927     
         136         137   1.23358180207124     
         108         138   1.26159771517183     
         134         139   1.26224863265791     
         138         139   1.27347605046943     
         137         140   1.51248875752593     
         139         140   1.18962059159257     
         112         141   1.21761728459238     
         138         142   1.19708034329297     
         141         142   1.28211209017946     
         142         143   1.24377003910217     
         143         144   1.43277377610049     
         116         145   1.24008014107769     
         141         146   1.25254646393935     
         145         146   1.24937167254898     
         144         147   1.30374801125354     
         146         147   1.24303639770118     
         147         148   1.25409453957441     
         120         149   1.26996709024732     
         145         150   1.26110759786153     
         149         150   1.26176087186549     
         148         151   1.48915641384318     
         150         151   1.20362638122184     
         124         152   1.17934538044284     
         149         153   1.19695678656505     
         152         153   1.32532697148653     
         153         154   1.20809194744101     
         154         155   1.48618694875841     
         128         156   1.10034098235760     
         152         157   1.23937857783705     
         156         157   1.25718173660388     
         155         158   1.25616445377585     
         157         158   1.25249850956025     
         158         159   1.30111580859677     
         156         160   1.42600835249229     
         159         161   1.50341589134590     
         160         161   1.37892969267400     
           1         162  0.967844596019233     
           2         163  0.970261776693663     
           3         164  0.963440487360641     
           8         165  0.964157018085586     
          12         166  0.960522318056188     
          16         167  0.964033279017730     
          22         168  0.965335791909296     
          26         169  0.969102869352371     
          33         170  0.963658686459550     
          34         171  0.959135463126450     
          66         172  0.959555250535230     
          67         173  0.959244303298138     
          99         174  0.958683156369953     
         100         175  0.962881045126691     
         131         176  0.963677423982827     
         132         177  0.970560782684228     
         133         178  0.968872776191337     
         137         179  0.965364854382698     
         144         180  0.966154348776711     
         148         181  0.966129655695842     
         155         182  0.965704225789283     
         159         183  0.968575716518046     
         161         184  0.970412122110569     
          30         185  0.970632884250882     
          31         186  0.963079609170069     
          63         187  0.960975026754989     
          64         188  0.960853691465792     
          96         189  0.948600053384023     
          97         190  0.969388678280511     
         129         191  0.953616192355859     
         160         192  0.966649368999537     
         125         193   1.04864726903134     
         129         193   1.11598498919332     
          89         194  0.868296125439281     
          93         194  0.796907354544518     
          94         194  0.853890813611404     
          19         195   1.07653187848542     
          23         195   1.02833790724122     
          17         196   1.00813666718027     
          18         196   1.05494641846867     
         151         197   1.04466290678109     
         154         197   1.04986663595668     
         140         198   1.04044573055684     
         143         198   1.05628074246719     
          98         199   1.01030855685166     
         103         199   1.04631874978963     
          35         200   1.00243630031599     
          37         200   1.05517888298954     
           5         201   1.05615501301774     
           9         201   1.05941433487860     
          15         202  0.963762616303180     
         102         203  0.965259774272592     
          38         204  0.965042616211900     
