   -0.03430290
   -0.03015841
   -0.03706210
    0.00627542
    0.00502662
    0.00469013
    0.00213144
   -0.04261274
    0.00422931
    0.00316892
    0.00060076
   -0.04467426
    0.01179419
   -0.00003603
    0.00152014
   -0.04169297
    0.01115581
    0.00031248
    0.00101507
   -0.00118283
    0.00224183
    0.00167675
   -0.04126297
   -0.00176309
    0.00240322
    0.00069431
   -0.03614712
    0.01178987
    0.00260506
    0.00668452
   -0.02892486
   -0.03609488
    0.00454330
   -0.03696890
   -0.03662002
    0.00484324
   -0.00062743
    0.00149858
    0.00144461
    0.00022077
   -0.00028107
    0.00021352
   -0.00046117
   -0.00055541
   -0.00043213
   -0.00027115
   -0.00020202
   -0.00021528
   -0.00042788
   -0.00068719
   -0.00017357
   -0.00007264
   -0.00093804
    0.00021979
   -0.00054506
   -0.00021760
   -0.00019405
    0.00004299
   -0.00066609
   -0.00017580
    0.00409248
    0.00105489
    0.00132129
    0.00476042
   -0.03700652
   -0.03690775
    0.00458883
   -0.03655408
   -0.03665025
    0.00487326
   -0.00037325
    0.00131000
    0.00140276
    0.00000016
   -0.00037531
    0.00002603
   -0.00044398
   -0.00046210
   -0.00026132
   -0.00006852
   -0.00029459
   -0.00000651
   -0.00039169
   -0.00038315
   -0.00032221
   -0.00000632
   -0.00059979
    0.00003458
   -0.00026486
   -0.00052346
   -0.00036524
    0.00000042
   -0.00038567
   -0.00013372
    0.00455447
    0.00121333
    0.00131986
    0.00480385
   -0.03685387
   -0.03669057
    0.00460755
   -0.03672291
   -0.03654865
    0.00453200
   -0.00029450
    0.00118482
    0.00150548
   -0.00024370
   -0.00046587
   -0.00004383
   -0.00043045
   -0.00098238
   -0.00036811
    0.00004545
   -0.00025400
   -0.00043128
   -0.00029855
   -0.00038677
   -0.00038645
    0.00006913
   -0.00017035
   -0.00020561
    0.00009059
   -0.00081326
   -0.00031349
   -0.00012878
   -0.00012503
    0.00011263
    0.00466204
    0.00132463
    0.00134360
    0.00464840
   -0.03672247
   -0.03662884
    0.00644274
   -0.03598295
   -0.02962467
   -0.03657962
    0.00097545
    0.00176743
    0.01272377
   -0.04446433
    0.00098472
    0.00015705
    0.01213267
   -0.04521070
    0.00134001
    0.00020489
    0.01244956
   -0.04511363
    0.00095728
   -0.00071927
    0.01131569
   -0.04242297
    0.00209472
    0.00245913
    0.00432887
    0.00077045
    0.00276470
    0.00383248
   -0.04205176
    0.00659313
    0.00124574
    0.01163705
   -0.03637527
   -0.03659632
   -0.02952994
    0.03544151
    0.03292868
    0.03609439
    0.04853550
    0.03568592
    0.03428299
    0.04076560
    0.04086887
    0.03382677
    0.03416132
    0.03393408
    0.03338404
    0.03344309
    0.03333671
    0.03322631
    0.03286627
    0.03008427
    0.03163171
    0.03217344
    0.03191160
    0.03226713
    0.03482218
    0.04802479
    0.03512982
    0.03224071
    0.03076170
    0.03130757
    0.03442287
    0.03381596
    0.03400992
    0.03362606
    0.03359344
    0.03370665
    0.03369066
    0.03347870
   -0.08605474
   -0.08360129
   -0.03291922
