           1           2   1.38945742575417     
           2           3   1.48305577052899     
           3           4   1.34146552466290     
           1           5   1.43890363960204     
           4           6   1.29138278032352     
           5           6   1.29458903841954     
           6           7   1.15621730852638     
           8           9   1.56005950079547     
           7          10   1.26862918866980     
           9          10   1.19271100895955     
          10          11   1.25717627899503     
           8          13   1.21945098789109     
          12          13   1.38874551597168     
          11          14   1.25754309293566     
          13          14   1.20829226428579     
          14          15   1.26129260992153     
          12          17   1.30944728863026     
          16          17   1.30480701730031     
          15          18   1.27556824060353     
          17          18   1.20374638725829     
          18          19   1.24674583759316     
          16          20   1.40656248512519     
          19          21   1.28008862280192     
          20          21   1.20334300300481     
          21          22   1.24095892868226     
          23          24   1.41622335600840     
          22          25   1.24673798798228     
          24          25   1.19884900155057     
          25          26   1.28495161667636     
          23          28   1.29921821697228     
          27          28   1.28667113625613     
          26          29   1.23504530858862     
          28          29   1.23049143135978     
          29          30   1.26948790613498     
          27          31   1.49200244870645     
          30          32   1.38043500267752     
          31          32   1.39718717329319     
           4          33   1.14139165473852     
          33          34   1.32133535113822     
          34          35   1.51060967561547     
          35          36   1.32061666296687     
           7          37   1.29728812651449     
          33          38   1.29917109904470     
          37          38   1.19993749271828     
          36          39   1.28554407676470     
          38          39   1.25345222637320     
          39          40   1.21471750618844     
          11          41   1.23530721082527     
          37          42   1.24612505082555     
          41          42   1.27790282365851     
          40          43   1.26616937132073     
          42          43   1.21974832576309     
          43          44   1.25695724386490     
          15          45   1.21983298423554     
          41          46   1.22980248711615     
          45          46   1.27048786382786     
          44          47   1.23999392795191     
          46          47   1.24419584619518     
          47          48   1.25980780403677     
          19          49   1.22415827564628     
          45          50   1.25114198555753     
          49          50   1.24622326866471     
          48          51   1.25219008056279     
          50          51   1.24841481933844     
          51          52   1.24404669646444     
          22          53   1.25203550434573     
          49          54   1.26995341505596     
          53          54   1.24434153674393     
          52          55   1.26905641204319     
          54          55   1.23104119996500     
          55          56   1.24059215805404     
          26          57   1.22811912772824     
          53          58   1.24425251232867     
          57          58   1.28965233003215     
          56          59   1.25714816254239     
          58          59   1.21257923849153     
          59          60   1.27266824526319     
          30          61   1.13824783881947     
          57          62   1.21647915857910     
          61          62   1.28482265870452     
          60          63   1.22308543315541     
          62          63   1.25249087361592     
          63          64   1.27823026420602     
          61          65   1.33689775261793     
          64          66   1.33099532348842     
          65          66   1.49633776579985     
          36          67   1.15695917950415     
          67          68   1.31928295090279     
          68          69   1.51183056665670     
          69          70   1.32042828843786     
          40          71   1.26009805956347     
          67          72   1.28601497865961     
          71          72   1.21710162199408     
          70          73   1.28544702979922     
          72          73   1.25065211776439     
          73          74   1.21815195891105     
          44          75   1.24913900646649     
          71          76   1.26503456258396     
          75          76   1.25966262640292     
          74          77   1.26967908317474     
          76          77   1.21934628257324     
          77          78   1.25582317772131     
          48          79   1.23194886608744     
          75          80   1.23696431979210     
          79          80   1.26428574653830     
          78          81   1.23949602448863     
          80          81   1.24210570146760     
          81          82   1.26262912326623     
          52          83   1.23199264198126     
          79          84   1.24797572369005     
          83          84   1.24685926831613     
          82          85   1.24955686518117     
          84          85   1.25013258681226     
          85          86   1.24540595867194     
          56          87   1.24862270092434     
          83          88   1.26508399404329     
          87          88   1.24249429503845     
          86          89   1.26800983536021     
          88          89   1.23642311677869     
          89          90   1.23916344392152     
          60          91   1.24689323827766     
          87          92   1.25361169272814     
          91          92   1.27574600242210     
          90          93   1.25494576113083     
          92          93   1.21557785690750     
          93          94   1.27385906939827     
          64          95   1.15474286734759     
          91          96   1.21833457533734     
          95          96   1.28490482521129     
          94          97   1.21979089899530     
          96          97   1.25049303466855     
          97          98   1.28366736730627     
          95          99   1.32299082815979     
          98         100   1.32408138520919     
          99         100   1.50730012025128     
          70         101   1.15539370448313     
         101         102   1.32729880436205     
         102         103   1.49832912295424     
         103         104   1.33648844862454     
          74         105   1.25270155133515     
         101         106   1.28254738665962     
         105         106   1.21999745649297     
         104         107   1.28370564390904     
         106         107   1.25014141723897     
         107         108   1.22206540506469     
          78         109   1.25020495460224     
         105         110   1.27074128554104     
         109         110   1.25773954552193     
         108         111   1.28033018829379     
         110         111   1.21461685694458     
         111         112   1.25387587339530     
          82         113   1.23158447093111     
         109         114   1.23853486371949     
         113         114   1.26863557821173     
         112         115   1.24715692327362     
         114         115   1.23460360883416     
         115         116   1.26578296230730     
          86         117   1.23027520253860     
         113         118   1.24484144936091     
         117         118   1.24951925649748     
         116         119   1.25360335078089     
         118         119   1.24925562541258     
         119         120   1.24326801428876     
          90         121   1.25127005075046     
         117         122   1.26569331767452     
         121         122   1.23857535730091     
         120         123   1.27921780482028     
         122         123   1.23642431779580     
         123         124   1.22853056062194     
          94         125   1.24748782505116     
         121         126   1.25524601144778     
         125         126   1.27363658365083     
         124         127   1.23672295639536     
         126         127   1.21379118929878     
         127         128   1.29459227862740     
          98         129   1.15400415371747     
         125         130   1.22155817111809     
         129         130   1.27912485799393     
         128         131   1.21445644279177     
         130         131   1.25303094357429     
         131         132   1.28605080046145     
         129         133   1.33158482077092     
         132         134   1.33852463060535     
         133         134   1.49463206524295     
         104         135   1.13718520930186     
         135         136   1.37679700043496     
         136         137   1.39212041936953     
         137         138   1.49759524662849     
         108         139   1.22973379307069     
         135         140   1.27343894897847     
         139         140   1.23964639629688     
         138         141   1.27615350562346     
         140         141   1.21709925003545     
         141         142   1.32996117097543     
         112         143   1.23764525284904     
         139         144   1.28606560366417     
         143         144   1.26727429649176     
         142         145   1.33412513301263     
         144         145   1.17609480115681     
         145         146   1.31862873932561     
         116         147   1.22017523866224     
         143         148   1.25285846838065     
         147         148   1.28592356375072     
         146         149   1.33586981868436     
         148         149   1.18506500837597     
         149         150   1.30536447221786     
         120         151   1.21751996133431     
         147         152   1.25161630159545     
         151         152   1.26200078594951     
         150         153   1.37677097680318     
         152         153   1.20876615016863     
         153         154   1.23027211719084     
         124         155   1.27860858918647     
         151         156   1.27185322010045     
         155         156   1.22450845308596     
         154         157   1.54016966929516     
         156         157   1.20985505046187     
         128         158   1.22609305077851     
         155         159   1.22126678619861     
         158         159   1.29019666521672     
         159         160   1.20727944594590     
         160         161   1.54356347930535     
         132         162   1.13553327672804     
         158         163   1.23191143553034     
         162         163   1.26333018700482     
         161         164   1.23821066847754     
         163         164   1.25262811419775     
         164         165   1.31821614892664     
         162         166   1.38768550138261     
         165         167   1.47563396041975     
         166         167   1.40942671391973     
           1         168  0.961654701642894     
           2         169  0.969097412556790     
           3         170  0.960934338910749     
           8         172  0.958193829433751     
          12         173  0.965808965792007     
          16         174  0.958420161978834     
          23         175  0.958342309705995     
          27         176  0.968430419473721     
          34         177  0.960931405033902     
          35         178  0.960371370636360     
          68         179  0.960520284747198     
          69         180  0.960331412071311     
         102         181  0.960419524842975     
         103         182  0.960855844792687     
         136         183  0.962205139338770     
         137         184  0.970190356493608     
         138         185  0.968794135836118     
         142         186  0.966328263286897     
         146         187  0.966488580262221     
         150         188  0.966304260317157     
         154         189  0.958569760878978     
         161         191  0.958409590509596     
         165         192  0.968609852424293     
         167         193  0.970309387848399     
          31         194  0.970026286876824     
          32         195  0.960949225286602     
          65         196  0.959670107388582     
          66         197  0.960294594667937     
          99         198  0.960420520891501     
         100         199  0.960498912332709     
         133         200  0.960556342743159     
         134         201  0.960936963212515     
         166         202  0.961945751061596     
         157         203   1.03600998330484     
         160         203   1.03587658741797     
         190         203  0.942915821833835     
           5         204   1.03901492764415     
           9         204   1.03622664500311     
         171         204  0.940909365920718     
          20         205   1.21868478003528     
          24         205   1.21377501047590     
