   -0.04305823
   -0.02854791
   -0.04244535
    0.00681078
    0.04708372
   -0.00013916
    0.00412367
   -0.05517565
    0.04463550
    0.00066691
    0.00064583
   -0.04741405
    0.01370261
   -0.00312455
    0.00279148
   -0.05342227
    0.01369052
   -0.00406688
    0.00138800
    0.04619324
   -0.00126570
    0.00424866
   -0.05328859
    0.04489469
   -0.00042700
    0.00101513
   -0.03737418
    0.01324329
   -0.00126566
    0.00700616
   -0.02870900
   -0.03816919
    0.00404675
   -0.03697000
   -0.03722545
    0.00553291
   -0.00170382
    0.00198236
   -0.00039369
    0.00089712
    0.00007557
    0.00074809
    0.00060408
   -0.00008468
    0.00092303
   -0.00006822
   -0.00026657
   -0.00009110
    0.00048611
   -0.00014405
   -0.00004830
    0.00016000
   -0.00160909
    0.00085043
    0.00011196
    0.00019037
    0.00056572
    0.00040235
   -0.00015574
    0.00026250
    0.00514273
    0.00140719
    0.00153641
    0.00487486
   -0.03652275
   -0.03650299
    0.00083954
   -0.03564472
   -0.03929340
    0.00161093
   -0.00205373
    0.00382686
   -0.01638680
   -0.00094261
   -0.00038528
    0.00057839
    0.00074411
   -0.00251517
    0.00046776
    0.00000087
   -0.00081946
    0.00019802
   -0.00024248
    0.00003131
    0.00007037
    0.00004259
   -0.00039685
    0.00032997
    0.00026866
   -0.00045600
    0.00015275
    0.00011185
   -0.00012230
    0.00009595
    0.00496609
    0.00143799
    0.00140165
    0.00505690
   -0.03652426
   -0.03645130
   -0.02807556
   -0.03695914
   -0.07586254
    0.00489552
   -0.01822157
   -0.02537017
   -0.00135178
    0.00108251
   -0.00091420
   -0.02185918
    0.00102002
   -0.00034555
    0.00021689
   -0.00194882
    0.00130810
   -0.00036420
   -0.00019083
    0.00014440
    0.00085079
    0.00021005
   -0.00005168
    0.00058007
   -0.00182034
    0.00014125
    0.00001829
    0.00022808
    0.00016043
    0.00473382
    0.00151705
    0.00135491
    0.00508812
   -0.03652186
   -0.03643276
    0.00704710
   -0.03786809
   -0.02889499
   -0.03770692
   -0.00165953
   -0.00353840
    0.01362779
   -0.05424954
   -0.00151317
    0.00091140
    0.04449045
   -0.00088902
   -0.00189629
    0.04662006
   -0.05407581
    0.00152196
   -0.00651993
    0.01367295
   -0.05355123
    0.00447227
   -0.00270311
    0.04635537
    0.00088756
   -0.00030140
    0.04446243
   -0.05435393
    0.00690214
   -0.00130905
    0.01335758
   -0.03778567
   -0.03848015
   -0.02872951
    0.04257487
    0.03737113
    0.03867287
    0.04111773
    0.03649187
    0.04205422
    0.04137226
    0.03423740
    0.03500593
    0.03454357
    0.03596196
    0.03182208
    0.04279495
    0.02850330
    0.03693744
    0.03305688
    0.03528691
    0.04192727
    0.04329476
    0.04336898
    0.04091243
    0.03392376
    0.03151495
    0.03174820
    0.03385298
    0.03497755
    0.03459384
    0.03424507
    0.03428666
    0.03439906
    0.03491820
    0.03351061
   -0.11464758
   -0.10807771
   -0.10773409
    0.18877889
   -0.10642175
