           1           2   1.40332469823029     
           2           3   1.47131489101192     
           3           4   1.34557701367153     
           1           5   1.41481242245423     
           4           6   1.27963795458256     
           5           6   1.30059403232102     
           6           7   1.16782398664783     
           8           9   1.53052099767874     
           7          10   1.27304649233588     
           9          10   1.20430197928370     
          10          11   1.25340162844519     
           8          13   1.23419762427894     
          12          13   1.36667514173692     
          11          14   1.25141756767405     
          13          14   1.21223535328303     
          14          15   1.26982073277913     
          12          17   1.34228674512965     
          16          17   1.25037264733087     
          15          18   1.26590047416518     
          17          18   1.21901069154556     
          18          19   1.24837901108338     
          16          20   1.50905107934011     
          19          21   1.27390058674343     
          20          21   1.22406343902771     
          21          22   1.22454164932861     
          23          24   1.52022370512324     
          22          25   1.23229217847796     
          24          25   1.21686388586061     
          25          26   1.28054617040213     
          23          28   1.24716256498238     
          27          28   1.31299691333765     
          26          29   1.23412998542914     
          28          29   1.24913964103872     
          29          30   1.26393754612326     
          27          31   1.47875640983318     
          30          32   1.38709266430763     
          31          32   1.40726718691585     
           4          33   1.14653802106646     
          33          34   1.31803801834209     
          34          35   1.51451532924474     
          35          36   1.31688455315039     
           7          37   1.28699704206745     
          33          38   1.29541944601771     
          37          38   1.20376054889767     
          36          39   1.28414953746189     
          38          39   1.25427624625776     
          39          40   1.21207034689994     
          11          41   1.24031304993311     
          37          42   1.25122860661707     
          41          42   1.27591373664623     
          40          43   1.27005157736210     
          42          43   1.21663966832349     
          43          44   1.25622384618266     
          15          45   1.22060648256810     
          41          46   1.22828759191025     
          45          46   1.27155121137047     
          44          47   1.23823360534733     
          46          47   1.24419981387008     
          47          48   1.26161951288031     
          19          49   1.22442824044277     
          45          50   1.25002315951338     
          49          50   1.24216722123130     
          48          51   1.24964942884737     
          50          51   1.25291596642434     
          51          52   1.24304500682518     
          22          53   1.27401018050489     
          49          54   1.27505369858868     
          53          54   1.23406690243076     
          52          55   1.26917711927261     
          54          55   1.23546283766791     
          55          56   1.23667924803678     
          26          57   1.22866029795356     
          53          58   1.23590350617523     
          57          58   1.29639812266953     
          56          59   1.25627633331585     
          58          59   1.21350503251472     
          59          60   1.27284475097036     
          30          61   1.13635587530730     
          57          62   1.21245023833098     
          61          62   1.28712149517854     
          60          63   1.22228726422277     
          62          63   1.25387897703132     
          63          64   1.27798959264949     
          61          65   1.33777929961329     
          64          66   1.33220993353132     
          65          66   1.49551119483995     
          36          67   1.16037153923876     
          67          68   1.32286059048537     
          68          69   1.50572547393037     
          69          70   1.30744385759303     
          40          71   1.25914510863917     
          67          72   1.26897098985566     
          71          72   1.20979434414821     
          70          73   1.25837139441829     
          72          73   1.27799377301757     
          73          74   1.16878089335970     
          44          75   1.25169417641977     
          71          76   1.26729294780640     
          75          76   1.25782035331627     
          74          77   1.25872138757686     
          76          77   1.21766736517407     
          77          78   1.25331948573441     
          48          79   1.23254485133693     
          75          80   1.23450829092667     
          79          80   1.26546014802254     
          78          81   1.23481284845266     
          80          81   1.24345127060269     
          81          82   1.26377140846934     
          52          83   1.23278279100142     
          79          84   1.24610639590330     
          83          84   1.24519019663968     
          82          85   1.24650100103645     
          84          85   1.25387737675757     
          85          86   1.24446979880043     
          56          87   1.25269328682112     
          83          88   1.26595006876941     
          87          88   1.23926735080833     
          86          89   1.26663541454488     
          88          89   1.23871201955743     
          89          90   1.23825308761222     
          60          91   1.24775383594426     
          87          92   1.25332447107138     
          91          92   1.27545555408686     
          90          93   1.25343178305416     
          92          93   1.21597561860237     
          93          94   1.27501853926187     
          64          95   1.15430363444281     
          91          96   1.21810713796404     
          95          96   1.28499075721706     
          94          97   1.21800627420945     
          96          97   1.25092607031188     
          97          98   1.28488056561727     
          95          99   1.32312218352722     
          98         100   1.32331552459116     
          99         100   1.50791777001904     
          70         101   1.18215767228011     
         101         102   1.45641459248518     
         102         103   1.38385079414932     
         103         104   1.32837162418477     
          74         105   1.31537343015160     
         104         106   1.31400221544802     
         106         107   1.30929093370510     
          78         108   1.26033838339817     
         105         109   1.31874898623968     
         108         109   1.23951328798350     
         107         110   1.23104586064618     
         109         110   1.18375150934257     
         110         111   1.27309937594898     
          82         112   1.23354151733435     
         108         113   1.23056242284255     
         112         113   1.26502953766807     
         111         114   1.21406174871973     
         113         114   1.24459263697934     
         114         115   1.27874172522884     
          86         116   1.23272913523730     
         112         117   1.24369434541604     
         116         117   1.24279351661993     
         115         118   1.23963490329095     
         117         118   1.25984290776938     
         118         119   1.24287143339167     
          90         120   1.25405687367140     
         116         121   1.26862623850307     
         120         121   1.23342547714398     
         119         122   1.27455532437357     
         121         122   1.24024334879616     
         122         123   1.22849025562734     
          94         124   1.24887993203853     
         120         125   1.25772113887275     
         124         125   1.27233151437175     
         123         126   1.23623647016599     
         125         126   1.21287224378305     
         126         127   1.29648454175386     
          98         128   1.15414201060247     
         124         129   1.22123621337173     
         128         129   1.27883087303861     
         127         130   1.20990893077130     
         129         130   1.25430985728964     
         130         131   1.28904960479417     
         128         132   1.33117479206230     
         131         133   1.33605728678083     
         132         133   1.49691413795898     
         104         134   1.11735700602851     
         134         135   1.39267672687111     
         135         136   1.40223129788178     
         136         137   1.48215036252574     
         107         138   1.19666451555525     
         134         139   1.26211007612858     
         138         139   1.23872888329978     
         137         140   1.31103580262123     
         139         140   1.24801022393350     
         140         141   1.25010860430181     
         111         142   1.26158456429806     
         138         143   1.28680204360645     
         142         143   1.22854769602958     
         141         144   1.51735307305781     
         143         144   1.21597220473356     
         115         145   1.22458984670562     
         142         146   1.22509347386561     
         145         146   1.26654231298991     
         146         147   1.23498355685212     
         147         148   1.48805497357181     
         119         149   1.22471535879819     
         145         150   1.24927571811327     
         149         150   1.24764224658140     
         148         151   1.27253485827538     
         150         151   1.24197816053818     
         151         152   1.28367717648506     
         123         153   1.28001173868849     
         149         154   1.27259137999518     
         153         154   1.20851272576043     
         152         155   1.47593951820128     
         154         155   1.24529483060726     
         127         156   1.23232014047944     
         153         157   1.24184576812166     
         156         157   1.27635177589963     
         157         158   1.21292895767735     
         158         159   1.52212979493289     
         131         160   1.13651287794585     
         156         161   1.23404133684898     
         160         161   1.26393053034652     
         159         162   1.24500445758377     
         161         162   1.24908216781412     
         162         163   1.31501116093751     
         160         164   1.38629311298966     
         163         165   1.47686952605001     
         164         165   1.40870759322943     
           1         166  0.966539707427990     
           2         167  0.969137365457782     
           3         168  0.958815015169213     
           8         169  0.963606676248281     
          12         170  0.965868249368866     
          16         171  0.963847857644173     
          23         172  0.963739790426867     
          27         173  0.968508635250197     
          34         174  0.958437107272666     
          35         175  0.960713337610853     
          68         176  0.959744255338669     
          69         177  0.964205528973563     
         102         178  0.948592814848928     
         103         179  0.961335391907761     
         135         180  0.961264695698882     
         136         181  0.969944416805757     
         137         182  0.968309471014623     
         141         183  0.963247147279223     
         148         184  0.963582701269673     
         152         185  0.963604666988143     
         159         186  0.963652058823142     
         163         187  0.968563973379060     
         165         188  0.970259504144818     
          31         189  0.970224689603233     
          32         190  0.961255179205653     
          65         191  0.960078930168693     
          66         192  0.959919567769073     
          99         193  0.959990156754673     
         100         194  0.960450101179620     
         132         195  0.960425724805417     
         133         196  0.960600307015709     
         164         197  0.961744972414805     
          20         198   1.05366603361167     
          24         198   1.05054232635502     
         155         199   1.05936867131422     
         158         199   1.05253808062604     
         144         200   1.05317461768219     
         147         200   1.05886447377438     
         101         201  0.954491872963175     
         105         201  0.967770343346969     
         106         201  0.961043666041103     
           5         202   1.06122201891192     
           9         202   1.05287513026333     
