   -0.03702921
   -0.03672120
   -0.03656459
   -0.02968625
    0.00638026
    0.01156913
   -0.03947141
   -0.03753848
   -0.03678714
    0.00420116
   -0.00105392
    0.00462428
    0.00441623
    0.00455587
    0.00087348
   -0.00035955
   -0.03457375
    0.01042353
   -0.03737820
    0.00125089
    0.01209160
   -0.00038498
   -0.00060592
    0.00049289
   -0.04240564
    0.00627766
    0.00310186
   -0.02994181
   -0.00083867
    0.00147561
   -0.03090420
    0.00336769
   -0.03667655
    0.00156289
    0.00133741
    0.00454142
    0.00367278
    0.00556200
    0.00515607
   -0.04359560
    0.00611622
   -0.03741443
    0.00162159
   -0.00112257
    0.00061282
   -0.03041480
   -0.04487555
    0.00023113
   -0.03684713
   -0.00019715
    0.00032406
    0.00131096
    0.03195398
    0.03403037
    0.03516688
    0.03602754
    0.03498280
    0.02994109
    0.03265474
    0.03435275
    0.03264094
    0.03345576
    0.03379899
    0.03050217
    0.04148559
    0.03414088
    0.03742942
    0.03423758
    0.03223059
    0.03150344
    0.04791740
    0.04739979
   -0.06473426
   -0.08488126
