           1           4   1.42046215686915     
           2           4   1.46442358294523     
           1           5   1.37736866168751     
           2           6   1.32841164057977     
           3           8   1.53902319599586     
           3          14   1.30092011653747     
           5          14   1.14501955165971     
           5          20   1.26289719073215     
           6          20   1.25187566230674     
           6          25   1.22929947222625     
           7          31   1.76134333837019     
          10          31   1.13332114439068     
          25          32   1.55820150668102     
          27          32   1.19295002280429     
          26          33   1.39320880240150     
          28          33   1.39611903476567     
          12          34   1.15421399631471     
          27          34   1.26265695408660     
          29          34   1.30615032221453     
          13          35   1.29658032971862     
          29          35   1.19789336944853     
          30          35   1.25791762643205     
           9          36   1.33703231532320     
          26          36   1.13283905035674     
          30          36   1.29291715353694     
           8          37   1.28701262431339     
          10          37   1.22205497476855     
          15          37   1.25647004064350     
          10          38   1.36132187130906     
          11          38   1.16516714432603     
          16          38   1.21383090709613     
          12          39   1.29454833743708     
          17          39   1.43874373591446     
          11          40   1.59550702617460     
          18          40   1.19702903372439     
          12          41   1.29419599493401     
          13          41   1.13846943487712     
          19          41   1.34231205117368     
           9          42   1.49777326468124     
          13          42   1.33110833260170     
          14          43   1.30809199905351     
          15          43   1.24607248989819     
          22          43   1.20006086029888     
          15          44   1.24762418308053     
          16          44   1.25494469421260     
          23          44   1.24083490277865     
          16          45   1.27580082977861     
          18          45   1.18828063321325     
          24          45   1.27505352337425     
          17          46   1.39004738971880     
          19          46   1.48250419494151     
          18          47   1.43387392146458     
          21          47   1.28423707753133     
          20          48   1.23287065693361     
          22          48   1.24278700261952     
          27          48   1.27174406358416     
          21          49   1.29898969660049     
          28          49   1.49098008053645     
          22          50   1.29886627431930     
          23          50   1.20347201546459     
          29          50   1.24341708464175     
          23          51   1.30076847906050     
          24          51   1.23310383720691     
          30          51   1.20473056900325     
          21          52   1.23470448292868     
          24          52   1.24491061220700     
          26          52   1.26240039367835     
           2          53  0.968639178316338     
           9          54  0.960592972982503     
          17          55  0.961605543643882     
          19          56  0.961036553550656     
          25          57  0.958010304449127     
          28          58  0.970371664891547     
          33          59  0.961891015349199     
          42          60  0.961033804488649     
          46          61  0.969096796979387     
           1          62  0.962196199402621     
           3          63  0.961018567902674     
           4          64  0.970321199654714     
           7          65  0.953246247858276     
           8          66  0.962118125499447     
          31          67  0.953518086988582     
          40          68  0.959297348255268     
          47          69  0.965845303366038     
          49          70  0.968697165456852     
           7          73   1.08460220122469     
          11          73   1.02972734496941     
          71          73  0.929907603349400     
          32          74   1.03698393735730     
          39          74   1.03898000573944     
          72          74  0.941746831346090     
