   -0.04371511
   -0.02991460
   -0.04140121
    0.00471769
    0.04521287
   -0.00174107
   -0.00380942
   -0.05685106
    0.04388619
   -0.00852452
   -0.00248937
   -0.07652634
    0.00687805
   -0.00958298
   -0.00793905
   -0.09280049
    0.00874494
    0.01749242
    0.03624435
   -0.04337110
    0.00596704
   -0.06032011
    0.04135108
   -0.00838118
   -0.00363392
   -0.04455252
    0.01314530
   -0.00188985
    0.00100309
   -0.02804003
   -0.04532489
    0.00282833
   -0.07964650
   -0.04035890
   -0.03917250
   -0.01556640
   -0.02327260
    0.00545628
    0.00110127
   -0.01093732
   -0.02153936
   -0.00207029
   -0.00560428
    0.00046273
   -0.00305264
   -0.00079672
   -0.03276259
   -0.01257894
   -0.01117253
   -0.00149025
   -0.01715336
    0.00148858
   -0.00296112
   -0.01209500
   -0.00947829
    0.00237979
   -0.01276592
   -0.01851230
    0.02242087
   -0.00055017
   -0.00839378
   -0.00876957
   -0.01969642
   -0.00930409
   -0.04433964
   -0.04061092
   -0.01676523
   -0.01691613
   -0.01342942
   -0.01128965
   -0.01675023
   -0.01190941
   -0.00089121
   -0.00128551
   -0.00433691
    0.02839561
   -0.00164809
    0.00207517
    0.00185458
    0.01686840
   -0.02460123
    0.00811262
   -0.01002748
   -0.00360445
   -0.00905107
    0.00159759
    0.00902352
   -0.01197281
   -0.01761727
   -0.00343576
   -0.04106128
   -0.01958500
   -0.00030941
   -0.03574255
   -0.08740433
   -0.02853819
   -0.04395541
   -0.07193221
    0.00002052
    0.00717602
   -0.02876240
   -0.00919771
   -0.00164561
   -0.01735912
   -0.01802100
   -0.00072128
    0.00127407
   -0.00198912
   -0.00056358
   -0.01041062
   -0.01049339
   -0.00415028
   -0.01413372
    0.01237323
   -0.00691163
   -0.00266433
   -0.02198636
   -0.01278502
   -0.01621873
    0.00025762
   -0.00366623
   -0.00642648
    0.01720437
    0.00205375
    0.00223840
    0.00270886
   -0.01478653
    0.00567313
   -0.03971508
   -0.02959062
   -0.03949761
   -0.00340247
   -0.00403586
    0.01272319
   -0.05583001
   -0.00664059
   -0.00205932
    0.04259923
   -0.00330286
   -0.00721818
    0.04471151
   -0.05753712
   -0.02126215
    0.01105045
   -0.08693929
   -0.00050673
   -0.03297419
    0.04121062
    0.00033704
   -0.00696700
    0.04015359
   -0.05505502
    0.00323354
    0.00127646
    0.01352389
   -0.03891714
   -0.04267686
   -0.02814944
    0.04237561
    0.03780420
    0.04232161
    0.04106087
    0.04655037
    0.05084943
    0.03635097
    0.02936232
    0.02621615
    0.03783727
    0.02950651
    0.02910120
    0.04062903
    0.02906556
    0.03496721
    0.03163120
    0.03351289
    0.04093001
    0.05029403
    0.04293835
    0.04189638
    0.03541353
    0.03359496
    0.02870274
    0.03950453
    0.04418454
    0.04122075
    0.03314304
    0.05728130
    0.03062479
   -0.07932800
    0.18589068
   -0.02751124
   -0.09705715
    0.20085712
   -0.10481733
    0.20120207
   -0.14965305
   -0.10819841
    0.20472893
   -0.09813260
    0.18629141
    0.05004776
    0.06100279
    0.03870046
    0.06142814
    0.06262901
    0.06723236
