           1           2   1.39702615136223     
           2           3   1.47299635092505     
           3           4   1.34398338516204     
           1           5   1.42130026043279     
           4           6   1.27026045565681     
           5           6   1.29551162412142     
           6           7   1.18411942463773     
           8           9   1.42303993642076     
           7          10   1.20663384739615     
           9          10   1.27276455414587     
          10          11   1.23734207575965     
           8          13   1.32909042220744     
          12          13   1.25828561148413     
          11          14   1.24370187254086     
          13          14   1.17911155410831     
          14          15   1.30233109246481     
          12          17   1.43520544203448     
          16          17   1.37117917893706     
          16          19   1.28661123323664     
          18          20  0.998731255334775     
          19          20   1.40284727051635     
          20          21   1.23123798582452     
          22          23   1.52496846204326     
          21          24   1.25789807178736     
          23          24   1.21846716335407     
          24          25   1.23651521180970     
          22          27   1.23665404290927     
          26          27   1.33241644758912     
          25          28   1.25775237666477     
          27          28   1.23978366594695     
          28          29   1.24172261011783     
          26          30   1.43540501990579     
          29          31   1.32024340990935     
          30          31   1.45181069693350     
           4          32   1.13828937275879     
          32          33   1.24785027424418     
          33          34   1.47175942593690     
          34          35   1.36588828130263     
           7          36   1.31313865847235     
          32          37   1.36904425577697     
          36          37   1.26473148911778     
          11          39   1.23969777013537     
          36          40   1.14111700132817     
          39          40   1.23866429422343     
          38          41   1.01617230532472     
          40          41   1.36395575208861     
          41          42   1.29161753835549     
          15          43   1.39375935840663     
          39          44   1.26674272510832     
          43          44   1.21449999339694     
          42          45   1.25209169166273     
          44          45   1.25297811668397     
          45          46   1.21422660727572     
          18          47   1.00636556629466     
          43          48   1.12060366599718     
          47          48   1.32263639627731     
          46          49   1.17909865522844     
          48          49   1.30457678403517     
          49          50   1.20553662219203     
          21          51   1.23996304493243     
          47          52   1.32698164485158     
          51          52   1.19253416946529     
          50          53   1.22510498444466     
          52          53   1.22491276707645     
          53          54   1.27928484786744     
          25          55   1.25044585593506     
          51          56   1.26111162889139     
          55          56   1.25709046218964     
          54          57   1.24110722490430     
          56          57   1.22932074867514     
          57          58   1.23834836260122     
          29          59   1.22793570178400     
          55          60   1.20872832498628     
          59          60   1.37519229327555     
          58          61   1.46108988098496     
          60          61   1.16696229100183     
          61          62   1.10005367635774     
          62          63   1.58906065816878     
          35          64   1.23842121277219     
          64          65   1.31865750891859     
          65          66   1.47388956861022     
          66          67   1.32603796823109     
          38          68   1.00991103884082     
          64          69   1.16708974378495     
          68          69   1.31850303452021     
          67          70   1.17376666167089     
          69          70   1.24121098923764     
          70          71   1.31841486263114     
          42          72   1.21067795244801     
          68          73   1.37050288991872     
          72          73   1.16895950700528     
          71          74   1.38109964648943     
          73          74   1.21435351174065     
          74          75   1.15977536186089     
          46          76   1.35643837243126     
          72          77   1.31247290194351     
          76          77   1.28298084106619     
          75          78   1.42465659227107     
          77          78   1.13903692634308     
          78          79   1.15258740167149     
          50          80   1.32157938180514     
          79          81   1.37979953269868     
          81          82   1.26105189942243     
          54          83   1.19336174792090     
          80          84   1.31692648606627     
          83          84   1.21368716670995     
          82          85   1.18411741111066     
          84          85   1.19892155081232     
          85          86   1.30787368618741     
          58          87  0.985531379844340     
          83          88   1.31451034411355     
          87          88  0.999679226164299     
          86          89   1.22706808138706     
          88          89   1.35297967294817     
          89          90   1.14910000900234     
          62          91   1.09807568689155     
          90          92   1.36137695983144     
          92          93   1.24062051768397     
          91          94   1.45515349020589     
          93          95   1.29474715444270     
          94          95   1.39447729716448     
          67          96   1.21249212035301     
          96          97   1.43588542751702     
          97          98   1.38774570128899     
          98          99   1.32556672482945     
          71         100   1.00325943678781     
          99         101   1.30544432000699     
         101         102   1.31568986169498     
          75         103   1.15304951346925     
         100         104   1.00472525912785     
         103         104   1.38988787392653     
         102         105   1.18301373471241     
         104         105   1.29865612518873     
         105         106   1.24212196390100     
          79         107   1.23270976636948     
         103         108   1.20531610893069     
         107         108   1.25700796810847     
         106         109   1.23882344204366     
         108         109   1.28463322237410     
         109         110   1.21481759642513     
          82         111   1.31825000459403     
         107         112   1.24110280673997     
         111         112   1.21239354195929     
         110         113   1.39033120982772     
         112         113   1.28679517206558     
         113         114  0.990237843591350     
          86         115   1.20954352751308     
         111         116   1.17630880508453     
         115         116   1.25819277697229     
         114         117  0.987743608535537     
         116         117   1.31921121880896     
         117         118   1.33076051341740     
          90         119   1.23556493763315     
         115         120   1.25072991499948     
         119         120   1.22921678192180     
         118         121   1.23963429586119     
         120         121   1.26764365146802     
         121         122   1.21541060377150     
          93         123   1.23151556885630     
         119         124   1.22397138734979     
         123         124   1.33607413961828     
         122         125   1.32917266175808     
         124         125   1.20404259313012     
         125         126   1.16071140884066     
         126         127   1.53966621449293     
          99         128   1.12328162014798     
         128         129   1.38432335494373     
         129         130   1.41042119858703     
         130         131   1.47235756391353     
         102         132   1.22108802078539     
         128         133   1.26319491600041     
         132         133   1.23082711895324     
         131         134   1.31967029779416     
         133         134   1.25353821219937     
         134         135   1.23348658687940     
         106         136   1.25907059995722     
         132         137   1.26957539910375     
         136         137   1.24720346681066     
         135         138   1.53509892364697     
         137         138   1.20648544013055     
         110         139   1.14236574008553     
         136         140   1.19706281320189     
         139         140   1.25403344347977     
         140         141   1.25422679547887     
         141         142   1.46193870557099     
         139         143   1.33723553231358     
         142         144   1.28108959721675     
         143         144   1.27917363933445     
         144         145   1.22306989988589     
         118         146   1.17041739966178     
         146         147   1.32669433485739     
         145         148   1.44407749762545     
         147         148   1.27567279023004     
         122         149   1.19292245035658     
         146         150   1.19909900168662     
         149         150   1.29237688097509     
         150         151   1.21934649024722     
         151         152   1.52165456536887     
         126         153   1.09861033728001     
         149         154   1.23686732119155     
         153         154   1.26540791302316     
         152         155   1.24771744620858     
         154         155   1.24549120008262     
         155         156   1.31146109458661     
         153         157   1.40640728410245     
         156         158   1.48596733093182     
         157         158   1.39519544267904     
           1         159  0.966381956206329     
           2         160  0.969056937399368     
           3         161  0.959513162030868     
           8         162  0.963124642732678     
          12         163  0.950786474077575     
          16         164  0.949645322653400     
          22         165  0.964052596346095     
          26         166  0.969127070796053     
          33         167  0.961532485323053     
          34         168  0.950192292379300     
          65         169  0.962067594822608     
          66         170  0.962230810200319     
          97         171  0.949677224206514     
          98         172  0.961862270206449     
         129         173  0.961543145744651     
         130         174  0.970166525768305     
         131         175  0.968564463953906     
         135         176  0.963683319482683     
         142         177  0.961181221558905     
         145         178  0.963696809768227     
         152         179  0.963259404165709     
         156         180  0.968428776272342     
         158         181  0.970117828004827     
          30         182  0.970236673451141     
          31         183  0.956280240147893     
          63         184  0.959707778243990     
          94         185  0.952528240772235     
          95         186  0.956167039718778     
         127         187  0.952614760551189     
         157         188  0.962755900433963     
          59         189   1.04854353724258     
          63         189   1.12471074069632     
          87         190  0.904434821656552     
          91         190  0.983702229464308     
          92         190  0.977063371625338     
         123         191   1.06257002905079     
         127         191   1.17439118870191     
         148         192   1.04743469727508     
         151         192   1.04117425566884     
         114         193  0.921804927393261     
         143         193  0.976563901060511     
         147         193  0.943157740153580     
         138         194   1.04183183723964     
         141         194   1.06693401343104     
          96         195  0.950406531702405     
         100         195  0.900390361995583     
         101         195  0.962278493496123     
          76         196  0.999696622468752     
          80         196  0.985311693091094     
          19         197   1.06781127604605     
          23         197   1.03896399767308     
          15         198  0.955463620336423     
          17         198  0.925616363398741     
          18         198  0.877437083736152     
           5         199   1.05569669714870     
           9         199   1.06260021098664     
          35         200  0.969071950190833     
          37         200  0.963478265535376     
          38         200  0.872508363498208     
          18         201  0.930512452708191     
          38         202  0.931883058523067     
          81         203  0.958393079966638     
          87         204  0.920142254207541     
         100         205  0.928520217329943     
         114         206  0.917619641262823     
