   -0.07063311
   -0.03057850
   -0.05184423
    0.00059089
   -0.12025958
    0.06646275
   -0.01079069
   -0.00099640
   -0.08983634
    0.06710040
   -0.01992781
   -0.00138975
   -0.08967746
    0.01820339
   -0.01856321
    0.04814160
   -0.10656288
    0.06236076
    0.01286352
    0.04605663
   -0.12036736
    0.07424774
   -0.03021847
   -0.00087670
   -0.08678279
    0.05989821
   -0.02031552
   -0.00859526
   -0.05606138
    0.01268839
   -0.00313535
   -0.01536212
   -0.03284264
   -0.05795726
   -0.01300460
   -0.04180759
   -0.05046610
    0.03624556
   -0.01764042
    0.05165148
    0.02515920
    0.03790092
   -0.00843757
   -0.00023275
   -0.01680955
   -0.00775292
   -0.01859030
   -0.00406127
   -0.00593234
   -0.01206619
   -0.01562070
   -0.00836615
   -0.00657216
   -0.01401891
   -0.00663031
   -0.00494183
   -0.00572365
   -0.01148655
   -0.00936645
   -0.00242840
   -0.00912700
   -0.02112730
    0.03702638
   -0.00807501
    0.00187204
   -0.02195009
   -0.09245971
   -0.00610651
   -0.01352880
   -0.04853519
   -0.04345085
   -0.01953875
   -0.01339605
   -0.00108502
   -0.00045091
   -0.01738772
   -0.00802502
   -0.00844786
   -0.00546491
   -0.00856647
    0.04253647
   -0.01580616
   -0.00804018
   -0.01297215
    0.04469896
    0.00294844
    0.03781627
   -0.01367075
   -0.01020424
   -0.01193904
   -0.00536343
   -0.00833800
    0.03451773
   -0.01198385
   -0.00161107
   -0.01518638
    0.02077007
    0.03782682
    0.04614561
   -0.02718988
   -0.05448099
   -0.05991602
    0.04220444
   -0.05424220
   -0.03731086
   -0.01312254
    0.03889604
    0.02754992
    0.05037064
   -0.01719588
   -0.00738005
   -0.01645340
    0.00146819
   -0.00661596
   -0.00371078
   -0.00493133
   -0.00910707
   -0.00410647
   -0.01018579
   -0.00801911
   -0.01785326
    0.04370354
   -0.00943748
   -0.00455934
   -0.01279650
   -0.00349133
   -0.01585613
   -0.00243230
   -0.00889057
   -0.01086137
    0.03632461
   -0.00486131
   -0.00243919
   -0.01475337
   -0.09195811
    0.01053467
    0.00086593
   -0.04929586
   -0.03201731
   -0.04900665
   -0.00449782
   -0.00657712
    0.01262778
   -0.08619556
    0.00169219
   -0.01402109
    0.06285272
   -0.12548739
   -0.00712854
   -0.01930413
    0.06398667
   -0.08883264
    0.01667005
    0.03215890
    0.00515097
   -0.09202190
   -0.01359543
    0.02909385
    0.06177938
   -0.13017809
   -0.00137727
   -0.01792217
    0.06047335
   -0.08381499
    0.00222751
   -0.00351611
    0.01178002
   -0.04786283
   -0.05090587
   -0.03202175
    0.02051501
    0.02890845
    0.02980516
    0.16503707
    0.01863649
    0.02853802
    0.02695920
    0.16381236
    0.01500715
    0.01723753
    0.03722689
    0.04328811
    0.02571506
    0.02662004
    0.04227150
    0.03853879
    0.02305986
    0.02203000
    0.02141215
    0.01684221
    0.16194350
    0.02234067
    0.02303506
    0.16618922
    0.01797927
    0.02204945
    0.02186137
    0.01686201
    0.00211364
    0.17212679
    0.03085218
    0.03019838
    0.01315797
    0.17193317
    0.03884500
    0.01601875
