           1           2   1.38248201314999     
           2           3   1.49390374078566     
           3           4   1.31223372499525     
           1           6   1.39199927665936     
           5           6   1.14488995114926     
           4           7   1.27167171164292     
           6           7   1.24523163583172     
           7           8   1.22006750811437     
           5          10   1.14867834217501     
           9          10   1.40086473953895     
           8          11   1.22474733178401     
          10          11   1.22712294803930     
          11          12   1.25357455359337     
           9          14   1.31024613435172     
          13          14   1.29142847124164     
          12          15   1.25624885522129     
          14          15   1.20452750382761     
          15          16   1.26165872441320     
          13          18   1.38834460438929     
          17          18   1.25767046232720     
          16          19   1.13452753532793     
          18          19   1.12502833813342     
          19          20   1.12621725745844     
          17          22   1.42144136454609     
          21          22   1.18482932676344     
          20          23   1.29403339889538     
          22          23   1.18239203162794     
          23          24   1.21561154048878     
          21          26   1.10881656855633     
          25          26   1.47115338570523     
          24          27   1.25173515496277     
          26          27   1.20516843043215     
          27          28   1.24694218094173     
          25          30   1.24354749374443     
          29          30   1.32626013626970     
          28          31   1.26002746568389     
          30          31   1.24422966087183     
          31          32   1.23546770761055     
          29          33   1.43129629924304     
          32          34   1.30791773426671     
          33          34   1.45409847986091     
           4          35   1.18170867307533     
          35          36   1.23064826495813     
          36          37   1.56021270728376     
          37          38   1.26987754915433     
           8          39   1.28440466216322     
          35          40   1.31574381024379     
          39          40   1.23125752269874     
          38          41   1.12165325127292     
          40          41   1.14654044828196     
          41          42   1.14771008783189     
          12          43   1.23885862541076     
          39          44   1.21359626780342     
          43          44   1.25593294076138     
          42          45   1.25461565793414     
          44          45   1.25920204178946     
          45          46   1.21287764001556     
          16          47   1.29036180519052     
          43          48   1.24658783634811     
          47          48   1.24254231800053     
          46          49   1.26285317963717     
          48          49   1.24685468683623     
          49          50   1.22587309140134     
          20          51   1.27248412793799     
          47          52   1.19170668210672     
          51          52   1.21512806018899     
          50          53   1.21113150096265     
          52          53   1.31893054811116     
          53          54   1.19785434299489     
          24          55   1.26838319873463     
          51          56   1.23679110577837     
          55          56   1.25873833915725     
          54          57   1.23263380204315     
          56          57   1.24065286959943     
          57          58   1.26194153188734     
          28          59   1.24098049499033     
          55          60   1.21767097777342     
          59          60   1.25605968994132     
          58          61   1.23878209047987     
          60          61   1.27181997694875     
          61          62   1.21512148540197     
          32          63   1.22139097309787     
          59          64   1.23472612786108     
          63          64   1.27825486868431     
          62          65   1.33260023338094     
          64          65   1.22734448995877     
          65          66   1.14626366318234     
          63          67   1.14337682233842     
          66          68   1.45515975214666     
          67          68   1.20364560748265     
          38          69   1.24814474726025     
          69          70   1.26647530363881     
          70          71   1.54245660041020     
          71          72   1.27589244603191     
          42          73   1.25104300329463     
          69          74   1.21735803281107     
          73          74   1.22034841269496     
          72          75   1.21545611525628     
          74          75   1.29546526597819     
          75          76   1.22606586332339     
          46          77   1.26462904301965     
          73          78   1.25576379711411     
          77          78   1.22002183194213     
          76          79   1.26802470638584     
          78          79   1.25491344123153     
          79          80   1.21234553462033     
          50          81   1.29519030951277     
          77          82   1.25244972541185     
          81          82   1.27581244347050     
          80          83   1.29510165106609     
          82          83   1.19748224658209     
          83          84   1.22759215552568     
          54          85   1.30011007979947     
          81          86   1.11121588504203     
          85          86   1.13095008115854     
          84          87   1.25750236832957     
          86          87   1.11441799360221     
          87          88   1.29366379642902     
          58          89   1.23969513730314     
          85          90   1.25014986468565     
          89          90   1.27307834958312     
          88          91   1.21665540778218     
          90          91   1.21183843749852     
          91          92   1.29241220764341     
          62          93   1.17699920547229     
          89          94   1.20931633760253     
          93          94   1.27118723962110     
          92          95   1.24590540814757     
          94          95   1.25507182731588     
          95          96   1.22376038158520     
          66          97   1.15829860198938     
          93          98   1.18514925919231     
          97          98   1.12149829946086     
          96          99   1.29189830827683     
          98          99   1.14875942594443     
          99         100   1.23051515131779     
          97         101   1.32201008163672     
         100         102   1.23728737172154     
         101         102   1.50177983539214     
          72         103   1.23128697999477     
         103         104   1.28853192511358     
         104         105   1.52725364329240     
         105         106   1.26820511467785     
          76         107   1.22603334348601     
         103         108   1.13449884777014     
         107         108   1.14688470878531     
         106         109   1.30420705855983     
         108         109   1.14577702537246     
         109         110   1.23620292400603     
          80         111   1.23449735294241     
         107         112   1.28336399191318     
         111         112   1.22289962501091     
         110         113   1.25856285510459     
         112         113   1.21990703795254     
         113         114   1.25708612738404     
          84         115   1.24858872812217     
         111         116   1.27225607795239     
         115         116   1.24555212908510     
         114         117   1.21308668228165     
         116         117   1.21937949744165     
         117         118   1.29937555793689     
          88         119   1.22052409049365     
         115         120   1.24338516876032     
         119         120   1.27746906039481     
         118         121   1.21084546622012     
         120         121   1.22043288858767     
         121         122   1.29023522212685     
          92         123   1.19981800754871     
         119         124   1.23554992084968     
         123         124   1.25875107755226     
         122         125   1.25249163517876     
         124         125   1.24663976714463     
         125         126   1.22906742988306     
          96         127   1.22372717268433     
         123         128   1.26701668337236     
         127         128   1.22992696256078     
         126         129   1.28551985092433     
         128         129   1.24579626124241     
         129         130   1.20125483417113     
         100         131   1.26045327797017     
         127         132   1.26161027159731     
         131         132   1.27244294297490     
         130         133   1.34339359769470     
         132         133   1.21260923078456     
         133         134   1.15417138653058     
         131         135   1.12993874396980     
         134         136   1.48933664035154     
         135         136   1.22427627692495     
         106         137   1.15247157328978     
         137         138   1.36290666516331     
         138         139   1.42309314670576     
         139         140   1.46135771958858     
         110         141   1.22905897284113     
         137         142   1.26229908653685     
         141         142   1.24164090380388     
         140         143   1.32221882660179     
         142         143   1.24341227660170     
         143         144   1.24637022500866     
         114         145   1.27069815683083     
         141         146   1.27400264478276     
         145         146   1.25158818541492     
         144         147   1.47429282688478     
         146         147   1.19150753196096     
         147         148   1.12667113818580     
         118         149   1.21767360073762     
         145         150   1.21452755616326     
         149         150   1.26148514015742     
         148         151   1.15125719129438     
         150         151   1.23123605926951     
         151         152   1.40338903218067     
         122         153   1.13383456409768     
         149         154   1.26922313187794     
         153         154   1.12334676850925     
         152         155   1.30384509293494     
         154         155   1.26724432938631     
         155         156   1.22562149458282     
         126         157   1.21512647582132     
         153         158   1.13072292534172     
         157         158   1.30761081627648     
         156         159   1.44848354575852     
         158         159   1.19338711683250     
         159         160   1.15103286091876     
         130         161   1.19262194905297     
         157         162   1.19099014958649     
         161         162   1.31454234674593     
         160         163   1.11929727952826     
         162         163   1.20683177707389     
         163         164   1.46447182885521     
         134         165   1.12025223781939     
         161         166   1.23466126663473     
         165         166   1.26194495054795     
         164         167   1.25713214058789     
         166         167   1.24912411032581     
         167         168   1.30489451111345     
         165         169   1.39863914115033     
         168         170   1.48756887128837     
         169         170   1.39520085146883     
           1         171  0.968312047589604     
           2         172  0.971183973700777     
           3         173  0.962699054817992     
           5         174  0.938140140678431     
           9         175  0.966009115060852     
          13         176  0.966503696340970     
          17         177  0.965492454275296     
          21         178  0.938825138190767     
          25         179  0.966056400145673     
          29         180  0.970292108030493     
          36         181  0.961376693955603     
          37         182  0.958028270310769     
          70         183  0.960878935573975     
          71         184  0.961132549459951     
         104         185  0.958831856161198     
         105         186  0.960967034146963     
         138         187  0.963084372486091     
         139         188  0.971075585892193     
         140         189  0.969682518101755     
         144         190  0.965794286575750     
         148         191  0.939970035802606     
         152         192  0.966533357379907     
         156         193  0.966177057842077     
         160         194  0.938679008330449     
         164         195  0.965807775911956     
         168         196  0.969495304739383     
         170         197  0.971086091152780     
          33         198  0.971279835110262     
          34         199  0.960945633731016     
          67         200  0.931325418239760     
          68         201  0.959408621222843     
         101         202  0.960655830143104     
         102         203  0.959062515031361     
         135         204  0.929527973443688     
         136         205  0.959668222763561     
         169         206  0.965583268510781     
