   -0.02449301
   -0.03318780
   -0.02908930
    0.00649623
    0.21153272
   -0.07304650
    0.00791419
   -0.00399770
   -0.02286348
   -0.07474805
    0.00742104
   -0.00321335
   -0.02732240
    0.00301457
    0.00877622
   -0.08396857
   -0.01344480
   -0.06622766
    0.18691748
   -0.07334111
    0.26955149
   -0.08206382
    0.00655805
   -0.01903134
   -0.02633016
   -0.06765899
    0.00188624
    0.00405336
   -0.03403308
    0.01276049
    0.00573706
    0.00867212
   -0.02863105
   -0.03013174
    0.01142312
   -0.03865535
   -0.03292008
   -0.06109546
    0.00449257
   -0.08029828
    0.18529464
   -0.07998488
    0.00231628
   -0.01017983
    0.00728706
   -0.00086769
    0.00578478
   -0.00189184
    0.00097909
   -0.00307465
    0.00505099
   -0.00826621
    0.00196432
   -0.00192636
    0.00285000
   -0.00266494
    0.00094489
   -0.00197017
    0.00054620
   -0.00010842
    0.00382582
    0.00215607
    0.00542941
    0.00151776
   -0.00667320
    0.01026996
   -0.04001503
   -0.02894879
    0.01517823
   -0.03265210
   -0.03440613
    0.01806482
    0.00070991
    0.00057128
    0.00064622
   -0.00060538
    0.00130834
    0.00038347
    0.00012580
    0.00048819
    0.00116092
   -0.00182339
    0.00053625
    0.00037666
    0.00200816
   -0.00161399
   -0.00045747
   -0.00026534
    0.00029658
   -0.00123660
   -0.00108879
   -0.00030884
   -0.07578184
    0.00258966
   -0.00368520
    0.00392144
   -0.06023253
    0.16091295
   -0.08294148
    0.01659907
   -0.03126328
   -0.04019311
   -0.06529386
   -0.03153710
   -0.04256906
    0.01238836
   -0.07758900
    0.18370145
   -0.08039587
    0.00421878
   -0.00021072
    0.00679457
   -0.00866350
    0.00268983
   -0.00175286
    0.00026715
   -0.00074451
    0.00084428
   -0.00020568
   -0.00018610
   -0.00245222
    0.00006202
   -0.00304725
    0.00076782
   -0.00298832
    0.00016668
   -0.00083056
   -0.00094134
    0.00121029
    0.00237538
   -0.06049818
   -0.00145811
   -0.00142024
    0.01148474
    0.20777503
   -0.12146084
    0.00787355
   -0.02924225
   -0.03114073
   -0.03054204
    0.00016061
    0.00518472
    0.00939270
   -0.02449987
   -0.00828855
    0.00491108
   -0.07185506
    0.21297312
   -0.00183613
    0.00798446
   -0.07404403
   -0.02735636
    0.00025095
    0.00648165
    0.00538248
   -0.02587748
   -0.00397676
    0.00556688
   -0.07373132
    0.21331773
   -0.00102951
    0.00473395
   -0.07277480
   -0.02756780
    0.00575993
    0.00406495
    0.00897855
   -0.03349916
   -0.03061318
   -0.03110714
    0.03031906
    0.02497018
    0.03172663
   -0.10932276
    0.03205452
    0.02503596
    0.02389575
    0.03450266
    0.03451170
    0.02849891
    0.02004435
    0.03451167
    0.03433538
    0.01992670
    0.02607879
    0.03660822
    0.03077261
    0.03389034
    0.03522016
   -0.10578468
    0.03518335
    0.03540884
   -0.10556475
    0.03448716
    0.03261953
    0.03040088
    0.03539797
    0.04108963
    0.03085346
    0.03818460
    0.01650656
    0.03685904
   -0.10964552
    0.01876982
    0.03873551
