           1           2   1.39167898662630     
           2           3   1.48681455171743     
           3           4   1.32460326771368     
           1           6   1.42281325675015     
           5           6   1.07200628844343     
           4           7   1.27637707191479     
           6           7   1.27888086631188     
           7           8   1.18895413562328     
           5          10   1.06848903445576     
           9          10   1.51272081994963     
           8          11   1.25465088264136     
          10          11   1.19010295668247     
          11          12   1.27776838749828     
           9          14   1.25337556993921     
          13          14   1.40023774114102     
          12          15   1.24605776306301     
          14          15   1.15237505872983     
          15          16   1.33763230027111     
          13          18   1.29319160999853     
          17          18   1.43593604435467     
          16          19   1.10471128591062     
          18          19   1.04267767176186     
          19          20   1.07502338461940     
          17          22   1.29112179745680     
          21          22   1.48320337218108     
          20          23   1.37182318905510     
          21          23  0.101550716205349     
          22          23   1.03482795595778     
          23          24   1.22900786463484     
          21          26   1.24083207686657     
          25          26   1.45874477652669     
          24          27   1.25566325658007     
          26          27   1.11717562242803     
          27          28   1.29110973152908     
          25          30   1.28058192800763     
          29          30   1.29597250505824     
          28          31   1.23613924771200     
          30          31   1.23838853938875     
          31          32   1.25945115888694     
          29          33   1.48929834082096     
          32          34   1.38692618309478     
          33          34   1.39844494667311     
           4          35   1.17345213498992     
          35          36   1.19381100907622     
          36          37   1.59440712839963     
          37          38   1.25673026550077     
           8          39   1.28568327039766     
          35          40   1.38515424853237     
          39          40   1.22735203971512     
          38          41   1.04649512222541     
          40          41   1.08274484533800     
          41          42   1.08525184305093     
          12          43   1.22684884986769     
          39          44   1.23096415228103     
          43          44   1.29736842275135     
          42          45   1.30518559446531     
          44          45   1.19655701131271     
          45          46   1.23646288975035     
          16          47   1.26017007903269     
          43          48   1.22024374994417     
          47          48   1.27591810827634     
          46          49   1.24065394646666     
          48          49   1.24495821495930     
          49          50   1.25615265136557     
          20          51   1.23393414865271     
          47          52   1.20463846634099     
          51          52   1.22290777934258     
          50          53   1.22998316567613     
          52          53   1.29397702240179     
          53          54   1.22511659624147     
          24          55   1.26332917092417     
          51          56   1.27541818316477     
          55          56   1.24221858140165     
          54          57   1.26933159126880     
          56          57   1.22942770193181     
          57          58   1.24106235914947     
          28          59   1.21993124131938     
          55          60   1.23064881076145     
          59          60   1.29843873743329     
          58          61   1.24266100933770     
          60          61   1.21895116407026     
          61          62   1.27260755411589     
          32          63   1.14147055930204     
          59          64   1.20712061082773     
          63          64   1.26390756460396     
          62          65   1.20220015606839     
          64          65   1.28715100439142     
          65          66   1.23195874302401     
          63          67   1.33941421800932     
          66          68   1.32152148224588     
          67          68   1.49227864647042     
          38          69   1.33149790072501     
          69          70   1.23197055160897     
          70          71   1.60086185758963     
          71          72   1.23560945903645     
          42          73   1.29470690919094     
          69          74   1.18284584224924     
          73          74   1.18151279801373     
          72          75   1.17554552523715     
          74          75   1.36482373911848     
          75          76   1.18863146660777     
          46          77   1.26753171535255     
          73          78   1.26775313496562     
          77          78   1.23815772550061     
          76          79   1.26690693682259     
          78          79   1.23619554943207     
          79          80   1.24019215800866     
          50          81   1.25164300540323     
          77          82   1.23458678517314     
          81          82   1.25688581843016     
          80          83   1.23336388753692     
          82          83   1.25084707417626     
          83          84   1.25714410553720     
          54          85   1.24588704924709     
          81          86   1.23373193960444     
          85          86   1.24361217226148     
          84          87   1.24345351967585     
          86          87   1.26507182344604     
          87          88   1.23406367591383     
          58          89   1.25892856549694     
          85          90   1.25168025939778     
          89          90   1.24410243925588     
          88          91   1.26059541129326     
          90          91   1.24835378805955     
          91          92   1.22877491699493     
          62          93   1.27559111145122     
          89          94   1.23923517930522     
          93          94   1.28429651931569     
          92          95   1.27536052575445     
          94          95   1.22742085062931     
          95          96   1.20701080821570     
          66          97   1.21316329510198     
          93          98   1.09612590792867     
          97          98   1.10940256731037     
          96          99   1.29300976135322     
          98          99   1.11709161434206     
          99         100   1.26676509677697     
          97         101   1.27624639554902     
         100         102   1.18163349404149     
         101         102   1.58161147625206     
          72         103   1.33039075991334     
         103         104   1.25595996897838     
         104         105   1.58974673133502     
         105         106   1.20649898466924     
          76         107   1.29063614843241     
         103         108   1.05991400618885     
         107         108   1.07549464958638     
         106         109   1.38405924461424     
         108         109   1.08461674613569     
         109         110   1.22410564410321     
          80         111   1.26643801072415     
         107         112   1.31362280532253     
         111         112   1.24664836672761     
         110         113   1.27134362744738     
         112         113   1.18043996643036     
         113         114   1.27218747620267     
          84         115   1.24101419737110     
         111         116   1.23123167691021     
         115         116   1.25900278173560     
         114         117   1.21347641745348     
         116         117   1.25145887185570     
         117         118   1.27255080723208     
          88         119   1.25019293884777     
         115         120   1.24306304755395     
         119         120   1.24402709012893     
         118         121   1.25255875732282     
         120         121   1.25922193512128     
         121         122   1.22940404146082     
          92         123   1.24563398743420     
         119         124   1.24348375077452     
         123         124   1.26440543038951     
         122         125   1.27392509287400     
         124         125   1.23671008550213     
         125         126   1.23208311776647     
          96         127   1.25138421581707     
         123         128   1.22365874480026     
         127         128   1.25394375382858     
         126         129   1.23233951039571     
         128         129   1.26595200681031     
         129         130   1.23636026307854     
         100         131   1.32608397666323     
         127         132   1.23041816403429     
         131         132   1.27368093630373     
         130         133   1.32316991018326     
         132         133   1.25099897898551     
         133         134   1.13195848638716     
         131         135   1.03350667064313     
         134         136   1.58405442565671     
         135         136   1.12556349560547     
         106         137   1.15858422245058     
         137         138   1.37000273514828     
         138         139   1.42007095564159     
         139         140   1.46509506436377     
         110         141   1.24437008870548     
         137         142   1.25286204345942     
         141         142   1.23808720576884     
         140         143   1.32033749531330     
         142         143   1.24906660743973     
         143         144   1.24600121256116     
         114         145   1.26271376301716     
         141         146   1.26947593584958     
         145         146   1.26309146919212     
         144         147   1.52090604165406     
         146         147   1.19754391245749     
         147         148   1.06425464959738     
         118         149   1.21574234478142     
         145         150   1.20543421141932     
         149         150   1.28669051978139     
         148         151   1.07328180417512     
         150         151   1.23770162920179     
         151         152   1.46130939484762     
         122         153   1.23880754231845     
         149         154   1.25214739947394     
         153         154   1.24406224076093     
         152         155   1.30043371158468     
         154         155   1.23862355182486     
         155         156   1.26688465966576     
         126         157   1.28234929262342     
         153         158   1.26925869011765     
         157         158   1.25460731765300     
         156         159   1.50031032999865     
         158         159   1.20718739857239     
         159         160   1.06985764518883     
         130         161   1.18383968819147     
         157         162   1.19065742601148     
         161         162   1.33435615623767     
         160         163   1.06743424635015     
         162         163   1.21224895870200     
         163         164   1.50015815020772     
         134         165   1.10011170171805     
         161         166   1.22921461648144     
         165         166   1.26263038617194     
         164         167   1.26929905576357     
         166         167   1.25054062859485     
         167         168   1.29201163681762     
         165         169   1.42207582907546     
         168         170   1.50768276617564     
         169         170   1.37725085537640     
           1         171  0.969758830174805     
           2         172  0.969954434776739     
           3         173  0.960002319101683     
           5         174  0.968954762803446     
           9         175  0.965333060607642     
          13         176  0.962773757661532     
          17         177  0.963466617408281     
          25         178  0.966829569556925     
          29         179  0.968261045985065     
          36         180  0.960688639183110     
          37         181  0.959043425468792     
          70         182  0.960668106670863     
          71         183  0.960704344875689     
         104         184  0.959440683587170     
         105         185  0.962373085486168     
         138         186  0.961600464938830     
         139         187  0.970097867894652     
         140         188  0.968267821634746     
         144         189  0.965933302265761     
         148         190  0.969680153992490     
         152         191  0.966030874754673     
         156         192  0.965927677006353     
         160         193  0.969695269479648     
         164         194  0.966135027394970     
         168         195  0.968366782811600     
         170         196  0.970133980005504     
          33         197  0.969838572735504     
          34         198  0.959823920125487     
          67         199  0.958919446007647     
          68         200  0.962121630673217     
         101         201  0.959846897021694     
         102         202  0.964551085812276     
         135         203  0.961934460515309     
         136         204  0.963518814773951     
         169         205  0.962747034215281     
