   -0.02499776
   -0.03239940
   -0.02881991
    0.00546505
    0.21386219
   -0.07214649
    0.00573032
   -0.00357082
   -0.02904380
   -0.06945143
    0.00115308
    0.00001737
   -0.04439669
    0.01096159
    0.00433664
    0.00058241
   -0.03052445
    0.01195228
    0.00312032
    0.00581287
    0.26865369
   -0.07129852
   -0.00314958
   -0.01910293
   -0.03347515
   -0.07089498
   -0.00140424
    0.00545741
   -0.03909944
    0.01369685
    0.00646146
    0.00761276
   -0.02827630
   -0.03571194
    0.00399894
   -0.03830962
   -0.03597928
    0.00538114
    0.00289412
    0.00015049
   -0.00061924
   -0.00032646
   -0.00161532
   -0.00032063
   -0.00246711
   -0.00181237
   -0.00445887
    0.00006509
   -0.00012111
    0.00019157
   -0.00219254
   -0.00083758
   -0.00014687
    0.00098027
    0.00223658
   -0.00103394
   -0.00279969
   -0.00118930
   -0.00372482
   -0.00027849
   -0.00220086
    0.00033954
    0.00051424
    0.00150807
    0.00151943
    0.00601723
   -0.03686885
   -0.03816277
    0.00278660
   -0.03939473
   -0.03378304
    0.01070988
   -0.00113299
    0.00071966
   -0.00651175
    0.00391048
   -0.00154908
    0.00071862
   -0.00228028
   -0.00122620
   -0.00247707
    0.00042672
   -0.00108468
    0.00014522
   -0.00116951
   -0.00132995
   -0.00093509
    0.00105906
   -0.00042264
    0.00027308
   -0.00238084
   -0.00085325
   -0.00202967
    0.00100874
   -0.00153196
    0.00017354
    0.00282655
    0.00113290
    0.00118334
    0.00556378
   -0.03663645
   -0.03770697
   -0.07113986
   -0.03220463
   -0.04357511
    0.00498867
   -0.07957796
    0.17072645
   -0.08110754
    0.00552004
   -0.00148561
    0.00438677
   -0.01063570
    0.00157716
   -0.00321855
    0.00136452
   -0.00227499
   -0.00004965
   -0.00158543
   -0.00072744
   -0.00249125
    0.00057084
   -0.00112530
    0.00042484
   -0.00319741
    0.00066569
   -0.00190556
    0.00068043
   -0.00153660
    0.00046437
    0.00370431
    0.00096177
    0.00101212
    0.00489883
   -0.03662347
   -0.03775585
    0.00783948
   -0.03227237
   -0.03185754
   -0.03425196
    0.00059810
    0.00418009
    0.00806382
   -0.02576042
   -0.00840256
    0.00316578
   -0.07407709
    0.21255164
   -0.00283930
    0.00753053
   -0.07372687
   -0.02775505
   -0.00091488
    0.00612898
    0.00486383
   -0.02647680
   -0.00486466
    0.00562275
   -0.07525750
    0.21252240
   -0.00053867
    0.00386085
   -0.07125560
   -0.02707623
    0.00555077
    0.00476734
    0.01004669
   -0.03343962
   -0.03332790
   -0.03067688
    0.03188048
    0.02742630
    0.03380699
   -0.10524249
    0.03418582
    0.03267535
    0.03243071
    0.03163909
    0.03150155
    0.03203916
    0.03456212
    0.02806724
    0.03262203
    0.01306133
    0.02108211
    0.03347173
    0.02680355
    0.02958785
    0.03227224
   -0.10833250
    0.03409487
    0.03485789
   -0.10584249
    0.03555634
    0.03398721
    0.03078952
    0.03259814
    0.03671808
    0.03327123
    0.03438402
    0.03289490
    0.03327834
    0.03305119
    0.03267336
    0.03425117
