           1           2   1.40359803398065     
           2           3   1.47612419189953     
           3           4   1.33630242247949     
           1           6   1.41381750052162     
           5           6   1.07812988904645     
           4           7   1.29690865470332     
           6           7   1.28240889326910     
           7           8   1.17131095442873     
           5          10   1.05638406825948     
           9          10   1.52999535222329     
           8          11   1.27307459116797     
          10          11   1.19474555683627     
          11          12   1.26154156120177     
           9          14   1.23386503986267     
          13          14   1.38146569042115     
          12          15   1.26266803910198     
          14          15   1.20425479998850     
          15          16   1.25646807722016     
          13          18   1.30948998142550     
          17          18   1.31930720021157     
          16          19   1.27899504985162     
          18          19   1.19173564523430     
          19          20   1.24928818170644     
          17          22   1.37640383741724     
          21          22   1.34127734830558     
          20          23   1.28054110116237     
          22          23   1.10021149645567     
          23          24   1.25708270186422     
          21          26   1.33419624065276     
          25          26   1.38150044597667     
          24          27   1.25347946185888     
          26          27   1.10243925378282     
          27          28   1.28947795108459     
          25          30   1.31271225068443     
          29          30   1.28205307897322     
          28          31   1.23239622689653     
          30          31   1.22380007546359     
          31          32   1.27341594018428     
          29          33   1.49154044201882     
          32          34   1.37363495008847     
          33          34   1.39829401439059     
           4          35   1.14783389632302     
          35          36   1.31722937406345     
          36          37   1.51766415062675     
          37          38   1.31067379089641     
           8          39   1.28827608390391     
          35          40   1.29200775531145     
          39          40   1.20861718994655     
          38          41   1.28173040484916     
          40          41   1.25326718203784     
          41          42   1.21457466494023     
          12          43   1.23149839108204     
          39          44   1.24427863258512     
          43          44   1.27561533349026     
          42          45   1.26276027904574     
          44          45   1.22422466835453     
          45          46   1.25448768963446     
          16          47   1.22195881064344     
          43          48   1.23518380567319     
          47          48   1.26440924198905     
          46          49   1.24338265160959     
          48          49   1.24501784713711     
          49          50   1.25516870403610     
          20          51   1.21827470941771     
          47          52   1.25328545628830     
          51          52   1.24901801680895     
          50          53   1.25195762459252     
          52          53   1.24284696671230     
          53          54   1.24860251752234     
          24          55   1.24227530495508     
          51          56   1.26628102652989     
          55          56   1.24528485458567     
          54          57   1.26154541274702     
          56          57   1.23474644814835     
          57          58   1.24328157267524     
          28          59   1.22379752534844     
          55          60   1.24838766705126     
          59          60   1.28203132416966     
          58          61   1.25609527530898     
          60          61   1.21700968267625     
          61          62   1.26847119562953     
          32          63   1.14041008420520     
          59          64   1.21990122419878     
          63          64   1.28333726240608     
          62          65   1.22291864560182     
          64          65   1.25047000272877     
          65          66   1.27927770919549     
          63          67   1.33412969883210     
          66          68   1.32686105271168     
          67          68   1.49969624669377     
          38          69   1.16978171304946     
          69          70   1.31261219915652     
          70          71   1.51821023113192     
          71          72   1.30464521717677     
          42          73   1.26407588655329     
          69          74   1.26380046853518     
          73          74   1.21178045407177     
          72          75   1.24813129588158     
          74          75   1.28228647751842     
          75          76   1.19211894066861     
          46          77   1.24795340348700     
          73          78   1.26050756497938     
          77          78   1.25655471569043     
          76          79   1.26857978747160     
          78          79   1.22672526179169     
          79          80   1.24715095739939     
          50          81   1.23612807615803     
          77          82   1.23971236356590     
          81          82   1.26011178009466     
          80          83   1.24473550246318     
          82          83   1.24157577916123     
          83          84   1.25789279135307     
          54          85   1.23434722379415     
          81          86   1.24779634985965     
          85          86   1.24806410493892     
          84          87   1.24767146973527     
          86          87   1.24819520769758     
          87          88   1.24844365465689     
          58          89   1.24701187931764     
          85          90   1.26131886913640     
          89          90   1.24095477922645     
          88          91   1.26105908771616     
          90          91   1.24139812025144     
          91          92   1.24042832888171     
          62          93   1.25143506426018     
          89          94   1.25647291422240     
          93          94   1.26955318563404     
          92          95   1.25352607640576     
          94          95   1.21865080946375     
          95          96   1.27195643611569     
          66          97   1.15760629121334     
          93          98   1.21936499364544     
          97          98   1.28399863981811     
          96          99   1.21772855021425     
          98          99   1.25052811280777     
          99         100   1.28553309734400     
          97         101   1.32004281932312     
         100         102   1.32007724411358     
         101         102   1.51109849752639     
          72         103   1.20682889339621     
         103         104   1.35192374176347     
         104         105   1.48316441665157     
         105         106   1.27769937102257     
          76         107   1.28482171750019     
         103         108   1.08581149818162     
         107         108   1.09016925810435     
         106         109   1.33232458438620     
         108         109   1.09060385275468     
         109         110   1.25207452580552     
          80         111   1.24914513173713     
         107         112   1.29725505755688     
         111         112   1.25504616650576     
         110         113   1.25696866381914     
         112         113   1.19098911369673     
         113         114   1.27397746433143     
          84         115   1.23600485448333     
         111         116   1.23943887797599     
         115         116   1.26036522813350     
         114         117   1.21618571817484     
         116         117   1.24134919359318     
         117         118   1.28204509659544     
          88         119   1.23413642415979     
         115         120   1.24736345457964     
         119         120   1.24294441649119     
         118         121   1.23987891391190     
         120         121   1.25608939605307     
         121         122   1.24725522147851     
          92         123   1.25196132470927     
         119         124   1.26689092079206     
         123         124   1.23382708971232     
         122         125   1.27169060317952     
         124         125   1.24155733109908     
         125         126   1.23024341330363     
          96         127   1.25189830269141     
         123         128   1.25883900761906     
         127         128   1.26931497437416     
         126         129   1.23619612383675     
         128         129   1.21472358164348     
         129         130   1.29490330174829     
         100         131   1.15615637155821     
         127         132   1.22119779853425     
         131         132   1.27843044107758     
         130         133   1.21188741981900     
         132         133   1.25431502503163     
         133         134   1.28834788452929     
         131         135   1.32984489759357     
         134         136   1.33583792490790     
         135         136   1.49773811771913     
         106         137   1.14683999643143     
         137         138   1.38004987708062     
         138         139   1.41030179752283     
         139         140   1.47536137461795     
         110         141   1.22978081761973     
         137         142   1.25547336602651     
         141         142   1.23468486561298     
         140         143   1.31119034989956     
         142         143   1.24961542826484     
         143         144   1.25494188092695     
         114         145   1.25901017917213     
         141         146   1.28586944897486     
         145         146   1.24283312155755     
         144         147   1.50949516204293     
         146         147   1.20203400223300     
         147         148   1.07296379871194     
         118         149   1.21915021087863     
         145         150   1.22702779013667     
         149         150   1.28024274345982     
         148         151   1.06737933590713     
         150         151   1.22198082466214     
         151         152   1.48496452380618     
         122         153   1.22245055504499     
         149         154   1.25443604567188     
         153         154   1.24246278084201     
         152         155   1.28041828782612     
         154         155   1.23765379232433     
         155         156   1.28937280564675     
         126         157   1.28032225185789     
         153         158   1.29136629612340     
         157         158   1.21309854350968     
         156         159   1.47323628367129     
         158         159   1.22590105394911     
         159         160   1.07805724522040     
         130         161   1.23132590021214     
         157         162   1.24216075455558     
         161         162   1.29061186216760     
         160         163   1.06099361310991     
         162         163   1.20114229165123     
         163         164   1.51876714083707     
         134         165   1.13641351264951     
         161         166   1.23187172085026     
         165         166   1.26410154282444     
         164         167   1.25158470653413     
         166         167   1.24842668968279     
         167         168   1.31403786646222     
         165         169   1.38731041616482     
         168         170   1.47846498332124     
         169         170   1.40759039972414     
           1         171  0.969705269473706     
           2         172  0.969873450952023     
           3         173  0.960092746963949     
           5         174  0.969861136998122     
           9         175  0.966006741871291     
          13         176  0.965579863811578     
          17         177  0.966960994871748     
          25         178  0.967142247499581     
          29         179  0.968608984770946     
          36         180  0.959464724886383     
          37         181  0.959863491655487     
          70         182  0.959808129855418     
          71         183  0.962443751597215     
         104         184  0.960323244021132     
         105         185  0.962771141206742     
         138         186  0.961691047246602     
         139         187  0.970287313859855     
         140         188  0.968477580013055     
         144         189  0.966056917593579     
         148         190  0.969058368254659     
         152         191  0.965777800958460     
         156         192  0.965874328649116     
         160         193  0.969661578851956     
         164         194  0.965955076218580     
         168         195  0.968314764769827     
         170         196  0.970228675053924     
          33         197  0.969939341892250     
          34         198  0.961056511153750     
          67         199  0.959969174762591     
          68         200  0.960327746641520     
         101         201  0.960442185022130     
         102         202  0.960502090229144     
         135         203  0.960508368256585     
         136         204  0.960561541287706     
         169         205  0.961484821251597     
