   -0.03314736
   -0.03371633
   -0.03746074
   -0.03048700
    0.00592152
    0.01009062
   -0.11307281
   -0.03749460
   -0.03723690
   -0.00175204
   -0.06690532
    0.00671432
    0.00490687
    0.00309663
   -0.00042973
    0.00034286
   -0.02522547
    0.01009643
   -0.02978536
    0.00483829
    0.01165029
    0.00004469
   -0.00065560
   -0.00024302
   -0.02576366
    0.00698502
    0.00177530
   -0.02978286
    0.00167774
    0.00125026
   -0.02299204
   -0.07141974
   -0.03404432
   -0.00434935
    0.00052473
    0.00248103
    0.00681679
    0.00202982
   -0.07173858
   -0.02076429
    0.00446028
   -0.03855541
    0.00098265
   -0.00019293
   -0.00055460
   -0.03264160
   -0.03621856
   -0.00019636
   -0.03519057
   -0.00199753
   -0.00073811
    0.00379375
    0.03386650
    0.03248874
    0.03261863
    0.03271685
    0.03591761
    0.03167548
    0.03503681
    0.03342940
    0.02727974
    0.03539062
    0.03223763
    0.03122227
    0.01559108
    0.03525947
    0.02653210
    0.03721589
    0.03632298
    0.03338522
   -0.10812584
   -0.10522824
    0.20660873
    0.21283126
