           1           4   1.41717057986641     
           2           4   1.46907915393702     
           1           5   1.37748834215316     
           2           6   1.32170810491281     
           3           8   1.53450768106801     
           3          14   1.30509158846582     
           5          14   1.14408305273837     
           5          20   1.26503351404115     
           6          20   1.24806664457613     
           6          25   1.24473951205762     
           7          31   1.70181425815832     
          10          31   1.17206454227126     
          25          32   1.52849801461925     
          27          32   1.19233744987934     
          26          33   1.39201727155029     
          28          33   1.39548201634080     
          12          34   1.16866314662611     
          27          34   1.26921572108706     
          29          34   1.29613975616488     
          13          35   1.29243703989385     
          29          35   1.20453532194336     
          30          35   1.25646446249022     
           9          36   1.33630133460161     
          26          36   1.13343169660063     
          30          36   1.29273102033150     
           8          37   1.29488950594249     
          10          37   1.20823670632141     
          15          37   1.25847772148384     
          10          38   1.35561083816514     
          11          38   1.16751405108190     
          16          38   1.22161182011486     
          12          39   1.28414928082889     
          17          39   1.41326019189557     
          11          40   1.56907812953752     
          18          40   1.20951351901741     
          12          41   1.30029455782120     
          13          41   1.14204279063152     
          19          41   1.34038935782268     
           9          42   1.49930577110328     
          13          42   1.33138463364022     
          14          43   1.30686986293802     
          15          43   1.24634717205807     
          22          43   1.20126343417553     
          15          44   1.24652670753814     
          16          44   1.25505638628324     
          23          44   1.24092395313371     
          16          45   1.27440909316303     
          18          45   1.18613633323848     
          24          45   1.27753650929709     
          17          46   1.40632599227113     
          19          46   1.47356081371586     
          18          47   1.42649220922394     
          21          47   1.29020680127189     
          20          48   1.23145605982869     
          22          48   1.24333476124499     
          27          48   1.27864083886355     
          21          49   1.29648514108446     
          28          49   1.49196491037469     
          22          50   1.29734251067323     
          23          50   1.20324824010410     
          29          50   1.24579924524136     
          23          51   1.30148524141792     
          24          51   1.23066035141817     
          30          51   1.20635133842862     
          21          52   1.23188405961393     
          24          52   1.24545206621597     
          26          52   1.26330642335710     
           2          53  0.968302064484408     
           9          54  0.960160671263024     
          17          55  0.969596076201169     
          19          56  0.959034153373265     
          25          57  0.965791224738153     
          28          58  0.970224769139298     
          33          59  0.961221603141981     
          42          60  0.958337352330044     
          46          61  0.969891827011567     
           1          62  0.960735897655462     
           3          63  0.959779940931400     
           4          64  0.970198403559692     
           7          65  0.972711312047031     
           8          66  0.956627736303349     
          31          67  0.955785716021522     
          40          68  0.965445553171279     
          47          69  0.965174638327911     
          49          70  0.968513956638589     
           7          73   1.12132588698959     
          11          73   1.03756656871897     
          71          73  0.970124273912033     
          32          74   1.06233074783260     
          39          74   1.07547759853579     
          72          74  0.969850908518105     
