   -0.04029803
   -0.03056949
    0.00882026
   -0.00112638
    0.00135732
   -0.03308485
    0.02984711
   -0.03969577
    0.00910879
   -0.02371095
   -0.04078230
    0.00528547
   -0.00105000
   -0.00104162
   -0.05608873
   -0.00538454
    0.02470523
    0.00434414
    0.00166538
    0.03693846
   -0.00136393
    0.00199027
    0.03684052
   -0.00051332
    0.01508751
    0.00457034
    0.02268238
    0.04723574
   -0.00187113
    0.03588400
    0.00760445
   -0.00449960
   -0.00404807
    0.01124457
   -0.04454984
   -0.00101204
    0.02977867
   -0.00028674
   -0.04939763
   -0.00326169
    0.04666970
    0.00169902
   -0.00004930
    0.00178896
    0.02764224
    0.00129259
   -0.00059759
   -0.03027043
    0.00241734
    0.01509303
   -0.00192360
   -0.04122182
   -0.00423292
    0.02016197
    0.00423566
   -0.03002511
    0.03571329
    0.00069538
   -0.00259694
   -0.00211283
   -0.06390113
   -0.00075457
    0.02469244
   -0.03151020
   -0.00690284
    0.00134445
   -0.00089889
    0.04373931
   -0.03838108
   -0.00139324
    0.00256202
   -0.00395428
    0.00738566
   -0.05117527
    0.02764391
    0.00038030
   -0.00127736
    0.04529151
   -0.00495582
    0.00472697
   -0.00824573
    0.00477414
    0.00554126
   -0.00186544
   -0.04195209
    0.00228211
   -0.02740163
    0.00237481
   -0.00127183
    0.00445543
   -0.00063330
    0.00422015
    0.04682506
    0.03966096
    0.03616868
    0.04509790
    0.05691055
    0.04514742
    0.06248045
    0.06047692
    0.05585614
    0.04103372
    0.04688846
    0.04847023
    0.03816185
    0.04554309
    0.04349505
    0.03848462
    0.05709902
    0.03964271
    0.04237203
   -0.05925696
   -0.04338973
    0.03553220
    0.03836778
    0.03101954
    0.03517560
    0.03973659
   -0.07397768
   -0.03555417
   -0.09188424
   -0.12305795
   -0.05640381
   -0.03022036
   -0.14541487
   -0.07842928
   -0.08652000
   -0.13620989
