           1           6   1.72552397021135     
           3           6   1.11437511778425     
           1           7   1.13331930271810     
           2           8   1.60416672587222     
           4           8   1.22820902008258     
           2           9   1.24168158840281     
           3           9   1.25099921115117     
           5           9   1.25336193998271     
           3          10   1.39678161066487     
          11          16   1.63513273263061     
           4          17   1.31072595039731     
          12          17   1.29180301592208     
           4          18   1.22988161575200     
           5          18   1.26623908691484     
          13          18   1.23551573811068     
           5          19   1.22494954872869     
          11          20   1.24223565248939     
          12          20   1.29594007545213     
          12          21   1.16793579480440     
          13          21   1.30812073992443     
          14          21   1.22857285278719     
          13          22   1.20021944542439     
          14          23   1.25197232494093     
          15          23   1.46786964897599     
          14          24   1.23944536259600     
          15          25   1.27970237875491     
           7          27   1.60416850395062     
          10          31   1.30073845026850     
          19          31   1.26080107210447     
          26          35   1.72157327475506     
          28          35   1.15621021108854     
          27          36   1.10662389178663     
          28          36   1.50674055164452     
          29          36   1.10954642729373     
          29          37   1.41887206107616     
          32          37   1.25266596338968     
          29          38   1.20360371485299     
          30          38   1.27804548304324     
          33          38   1.24188258060635     
          30          39   1.41502768367090     
          34          39   1.36067095019636     
          19          40   1.25336788691508     
          22          40   1.22688149556955     
          22          47   1.32081352452159     
          24          47   1.19326744397890     
          24          54   1.29051879243236     
          25          54   1.33809180215877     
          25          61   1.18261747497675     
          31          67   1.19003588991234     
          32          67   1.22686080874034     
          42          67   1.28216447642200     
          61          68   1.51778683761542     
          63          68   1.22275800807236     
          62          69   1.22859504686581     
          64          69   1.60845808616789     
          32          70   1.23407229207719     
          33          70   1.25066425505075     
          43          70   1.24757897311072     
          44          71   1.12853570979887     
          63          71   1.44904917285607     
          65          71   1.12715329017194     
          33          72   1.23378133257277     
          34          72   1.20228763180277     
          45          72   1.30836871671618     
          46          73   1.13593375378704     
          65          73   1.40783253393341     
          66          73   1.18617404860975     
          34          74   1.18743539815279     
          41          74   1.59497397542621     
          62          75   1.28852566297880     
          66          75   1.33638753483850     
          40          76   1.25132140905685     
          42          76   1.23281285373883     
          49          76   1.25193331337979     
          42          77   1.22953341551059     
          43          77   1.25760275369681     
          51          77   1.24899161762138     
          44          78   1.31408451484490     
          52          78   1.39349194816361     
          43          79   1.22215520209513     
          45          79   1.32297120952761     
          53          79   1.17960178885275     
          44          80   1.29245196259854     
          46          80   1.08764001112563     
          46          81   1.57883611556365     
          47          82   1.18455139174091     
          49          82   1.24393285176836     
          56          82   1.32802081988628     
          48          83   1.33615961908651     
          50          83   1.08341733133078     
          57          83   1.35238587735499     
          49          84   1.24270311380381     
          51          84   1.25667192731625     
          58          84   1.24004636680815     
          50          85   1.14779971960774     
          59          85   1.72486430449760     
          51          86   1.22605524921663     
          53          86   1.31857306366196     
          60          86   1.20647502391312     
          52          87   1.42771144282815     
          48          88   1.32476893940712     
          53          88   1.18860897426902     
          55          88   1.25179696796494     
          55          89   1.24994908391969     
          57          89   1.27788783229682     
          64          89   1.23461027530335     
          56          90   1.32421284773667     
          58          90   1.26305614272316     
          65          90   1.17228055489172     
          58          91   1.22978643387839     
          60          91   1.27618126145007     
          66          91   1.22447808163286     
          55          92   1.23716577047140     
          60          92   1.25722205622271     
          62          92   1.24800518237454     
           1          93  0.943551891432504     
           2          94  0.963044218739989     
           6          95  0.959186897030227     
           8          96  0.950878636673939     
          11          97  0.953084991845730     
          15          98  0.962124070557716     
          16          99  0.960894606368799     
          26         100  0.959716790517335     
          35         101  0.954284676967938     
          39         102  0.964297969251896     
          52         103  0.966323956004540     
          59         104  0.962231786189995     
          61         105  0.963423399409765     
          64         106  0.958016252433610     
          69         107  0.954445230284386     
          74         108  0.952490763710577     
          81         109  0.954810811324300     
          85         110  0.954102892484758     
          87         111  0.968647454711322     
          41         112   1.18092647922309     
          50         112   1.55738256801125     
          80         113   1.37642377293671     
          87         113   1.44233891211441     
         112         114  0.951980285389195     
         113         115  0.963915395856198     
          56         116  0.959474203277042     
          10         117  0.959336428930978     
          48         118  0.957650742243796     
          57         119   1.06151546686575     
          59         119   1.11012632964563     
          75         120   1.05314456816186     
          81         120   1.17250600057487     
          68         121   1.04086883065413     
          78         121   1.06613724609796     
          54         122   1.01114431930170     
          63         122  0.991794823327647     
          20         123   1.11856352465284     
          23         123   1.04796803357256     
          16         124   1.14321452661637     
          17         124   1.04379682579742     
           7         125  0.978879555931448     
          37         125  0.996505029050783     
          26         126   1.12205871708385     
          27         126   1.00599530691148     
          28         127   1.07710257763747     
          30         127   1.03506552325822     
          41         128  0.990346501075968     
          45         128   1.01274734845025     
