   -0.03653366
   -0.03712557
    0.00442672
   -0.04262005
    0.00430282
    0.00127978
   -0.03594913
   -0.03694678
    0.00472762
   -0.03736769
    0.00514795
    0.00126825
   -0.04317080
   -0.00023162
   -0.00182564
    0.00034356
   -0.05593203
   -0.02882080
    0.00664621
    0.00188245
    0.00038580
    0.04733328
    0.00370363
    0.00052232
    0.04403732
   -0.00006859
    0.01223486
   -0.02954959
    0.00649462
    0.01273978
    0.00148641
    0.00121372
    0.01220279
   -0.00073153
   -0.00075027
    0.00143514
    0.01224031
   -0.03622039
    0.00119268
   -0.04447676
    0.00029700
   -0.00065476
   -0.04743445
   -0.00072202
    0.04405636
   -0.03694923
   -0.00050169
   -0.04448275
   -0.00054031
    0.00118449
   -0.00007715
    0.00473436
    0.00001635
    0.00368125
   -0.00015298
    0.04731066
   -0.00035365
   -0.03622072
    0.00049143
   -0.03595608
   -0.00128246
    0.00189529
   -0.00018931
    0.00665674
    0.00025857
   -0.02885479
    0.00038826
   -0.04744707
    0.00516127
   -0.00065137
   -0.03730570
    0.00029915
    0.00126467
    0.00024493
    0.01220201
   -0.03716336
   -0.00019802
    0.00122104
   -0.00130384
    0.00148810
   -0.05599005
    0.00438621
   -0.00034223
   -0.00014550
    0.01274467
    0.00003507
    0.00650001
    0.00031925
   -0.03651694
   -0.00052896
   -0.00027454
   -0.00049731
   -0.04306859
   -0.00070459
   -0.02954550
   -0.00175508
    0.00143478
    0.00432667
   -0.00075335
   -0.04263322
   -0.00077110
    0.00123260
    0.03372811
    0.03476561
    0.03837676
    0.03290728
    0.03391550
    0.03508613
    0.04217607
    0.03962357
    0.03687002
    0.03030036
    0.03216142
    0.03306951
    0.03344856
    0.03395500
    0.03307717
    0.03216813
    0.03291339
    0.03682227
    0.03345372
    0.03501092
    0.03479898
    0.03962633
    0.03374559
    0.04218016
    0.03030199
    0.03835620
   -0.11183046
   -0.11179795
