           1           8   1.48823288006207     
           3           8   1.33591560203138     
           1           9   1.34511793851288     
           2          10   1.50128610686225     
           5          10   1.32908251137911     
           2          11   1.32896794366101     
           3          11   1.15190245363090     
           6          11   1.28255662615404     
           3          12   1.27768023497470     
           4          18   1.47096900474539     
          13          18   1.40345050969051     
           4          19   1.34606035637423     
           5          19   1.14241911630888     
          14          19   1.28347716463691     
           5          20   1.29059265467962     
           6          20   1.25145971036795     
          15          20   1.21125484932261     
           6          21   1.21919001399321     
          13          22   1.41498965860146     
          14          22   1.30142391198456     
          14          23   1.16313182349259     
          15          23   1.27377811747050     
          16          23   1.29070196450139     
          15          24   1.25413244019054     
          16          25   1.19649147838457     
          17          25   1.54337143439910     
          16          26   1.24031868013849     
          17          27   1.22177741962947     
           7          28   1.38194434865623     
           7          29   1.39230067009270     
           9          29   1.13545615950957     
           9          31   1.27779163091245     
          12          31   1.24912817534382     
          12          34   1.22590672320242     
          21          34   1.24551641285535     
          28          38   1.50744986020189     
          30          38   1.27314551631786     
          29          39   1.26163307305191     
          30          39   1.21823661745751     
          32          39   1.25429467373030     
          30          40   1.33085881914690     
          33          40   1.35215517585542     
          31          41   1.22851188373835     
          32          41   1.22074427235197     
          35          41   1.28343473648006     
          32          42   1.27996286821447     
          33          42   1.18614087821973     
          36          42   1.26607129239115     
          33          43   1.28748409677908     
          37          43   1.40434518189348     
          21          44   1.27555762298077     
          24          44   1.21917336061346     
          24          53   1.27137544247514     
          26          53   1.23316796542506     
          26          61   1.27145640904785     
          27          61   1.19242941002130     
          27          68   1.40380176832184     
          34          74   1.26931728427080     
          35          74   1.21914850582395     
          47          74   1.25652571833351     
          48          75   1.35189636278534     
          68          75   1.28782624831532     
          70          75   1.18612573729362     
          69          76   1.32856674226391     
          71          76   1.50192868587818     
          35          77   1.24485497070754     
          36          77   1.22703746470150     
          49          77   1.27034340976794     
          50          78   1.25421023587064     
          70          78   1.27998169737339     
          72          78   1.22084962825566     
          36          79   1.26353910959235     
          37          79   1.19229309678293     
          51          79   1.27141334602616     
          52          80   1.27770709620917     
          72          80   1.22851311788429     
          73          80   1.24923025188415     
          37          81   1.22127797349352     
          45          81   1.54382113807082     
          46          82   1.33588962716355     
          69          82   1.15199909492302     
          73          82   1.27768733705381     
          44          83   1.24796472412893     
          47          83   1.23932030419196     
          55          83   1.25886353029213     
          47          84   1.24910017735486     
          49          84   1.23306338177649     
          57          84   1.25901486919455     
          48          85   1.33101500464607     
          50          85   1.21823036854471     
          58          85   1.27304148678403     
          49          86   1.23963408399480     
          51          86   1.23313506853613     
          59          86   1.27164496835453     
          50          87   1.26165153244588     
          52          87   1.13550215592730     
          60          87   1.39227768676399     
          45          88   1.19585798173418     
          51          88   1.24038469138999     
          54          88   1.29116842057610     
          46          89   1.48811715585538     
          52          89   1.34515554237577     
          53          90   1.23981433077858     
          55          90   1.23307055536310     
          63          90   1.27019749125810     
          54          91   1.16268309798669     
          56          91   1.30205002808351     
          64          91   1.28328128490799     
          55          92   1.24918611411403     
          57          92   1.23935089154784     
          65          92   1.25642993603234     
          56          93   1.41447001398199     
          66          93   1.40406868322163     
          57          94   1.24769735514881     
          59          94   1.21939426069358     
          67          94   1.27564853789833     
          58          95   1.50750904126860     
          60          95   1.38191353997652     
          54          96   1.27395311101912     
          59          96   1.25348731437104     
          62          96   1.21171915796113     
          61          97   1.26344179063597     
          63          97   1.22715533213529     
          70          97   1.26605781651520     
          62          98   1.29000189935657     
          64          98   1.14307090236601     
          71          98   1.32857504327688     
          63          99   1.24490991765026     
          65          99   1.21917257508773     
          72          99   1.28334305676995     
          64         100   1.34610758640814     
          66         100   1.47074660940973     
          65         101   1.26943822967252     
          67         101   1.24545322837069     
          73         101   1.22580353661281     
          62         102   1.25157044386969     
          67         102   1.21910537546143     
          69         102   1.28242534159864     
           1         103  0.960653532247628     
           2         104  0.960519773615620     
           4         105  0.959207979166133     
           7         106  0.962030212311977     
           8         107  0.960798959802749     
          10         108  0.958887485336154     
          13         109  0.966724705347317     
          17         110  0.963499299876007     
          18         111  0.969143936671506     
          28         112  0.970202621430893     
          38         113  0.968664927202203     
          40         114  0.966053375226979     
          43         115  0.965883695134228     
          46         116  0.961161516154464     
          48         117  0.966047994191117     
          58         118  0.968662726369204     
          60         119  0.962021447611117     
          66         120  0.969154191453310     
          68         121  0.965872955269802     
          71         122  0.958227588133955     
          76         123  0.960835833046854     
          81         124  0.963538718278997     
          89         125  0.960640106702296     
          93         126  0.966653119482947     
          95         127  0.970199699187274     
         100         128  0.958609453233990     
          45         129   1.04884355593079     
          56         129   1.06034584186611     
          22         130   1.06044675397790     
          25         130   1.04856260324661     
