   -0.03652124
   -0.03683699
    0.00465970
   -0.03729261
    0.00447822
    0.00128418
   -0.03604591
   -0.03690867
    0.00430474
   -0.03715484
    0.00466375
    0.00113075
   -0.03447713
    0.00454298
   -0.00072668
    0.00322086
   -0.04266727
   -0.03031945
    0.00624374
    0.00147976
    0.00022667
    0.00524187
    0.00193794
   -0.00001251
    0.00383903
    0.00028751
    0.01107300
   -0.02962289
    0.00648077
    0.01254666
    0.00144834
    0.00109750
    0.01164051
   -0.00050760
   -0.00064818
    0.00099664
    0.01107298
   -0.03660086
    0.00159449
   -0.04440853
   -0.00009554
   -0.00032266
   -0.04487792
   -0.00056928
    0.00383809
   -0.03690859
   -0.00056371
   -0.04440846
   -0.00033649
    0.00159455
    0.00028749
    0.00430469
   -0.00042176
    0.00193788
   -0.00012806
    0.00524054
   -0.00048058
   -0.03660083
   -0.00001249
   -0.03604581
   -0.00001884
    0.00147975
   -0.00056699
    0.00624384
   -0.00015173
   -0.03031924
    0.00022667
   -0.04487796
    0.00466371
   -0.00032266
   -0.03715477
   -0.00009556
    0.00113074
   -0.00015172
    0.01164054
   -0.03683695
   -0.00056698
    0.00109754
   -0.00001887
    0.00144836
   -0.04266718
    0.00465970
   -0.00048059
   -0.00012807
    0.01254668
   -0.00042177
    0.00648078
    0.00322074
   -0.03652123
   -0.00033650
    0.00454290
   -0.00056373
   -0.03447705
   -0.00056930
   -0.02962278
   -0.00072667
    0.00099667
    0.00447817
   -0.00064818
   -0.03729247
   -0.00050762
    0.00128416
    0.03326322
    0.03394930
    0.03593856
    0.03274951
    0.03350022
    0.03412036
    0.03516043
    0.03468190
    0.03264104
    0.03001335
    0.03158526
    0.03235714
    0.03229580
    0.03350021
    0.03235714
    0.03158522
    0.03274949
    0.03264059
    0.03229578
    0.03412037
    0.03394929
    0.03468193
    0.03326318
    0.03516029
    0.03001320
    0.03593829
    0.04789593
    0.04789496
   -0.08528303
   -0.08528675
