           1           8   1.48754168745301     
           3           8   1.33688387208211     
           1           9   1.34544257543847     
           2          10   1.49894394392687     
           5          10   1.33080772762817     
           2          11   1.33058645404994     
           3          11   1.15079353150214     
           6          11   1.28222155648409     
           3          12   1.27778489226199     
           4          18   1.48156233106004     
          13          18   1.39078057044642     
           4          19   1.34268093015912     
           5          19   1.13849887648579     
          14          19   1.29360350782542     
           5          20   1.29306719807874     
           6          20   1.25285321558440     
          15          20   1.20625245471820     
           6          21   1.21841474590359     
          13          22   1.43751477944470     
          14          22   1.29584339625490     
          14          23   1.15260425659806     
          15          23   1.28470425900472     
          16          23   1.28409785628038     
          15          24   1.25073951774108     
          16          25   1.18504852391782     
          17          25   1.56758265474786     
          16          26   1.24890497523042     
          17          27   1.21330870594357     
           7          28   1.38149487633823     
           7          29   1.39339901654799     
           9          29   1.13498787215546     
           9          31   1.27824319977566     
          12          31   1.24914909027129     
          12          34   1.22552001253303     
          21          34   1.24706444982234     
          28          38   1.50767618804784     
          30          38   1.27341033844764     
          29          39   1.26070297969933     
          30          39   1.21851162528279     
          32          39   1.25549049753963     
          30          40   1.33003413793258     
          33          40   1.35386506889195     
          31          41   1.22805261200477     
          32          41   1.22104846497222     
          35          41   1.28330166561805     
          32          42   1.27820822658007     
          33          42   1.18717617714590     
          36          42   1.26767468046419     
          33          43   1.28436299725385     
          37          43   1.41079370151911     
          21          44   1.27400888944571     
          24          44   1.22022007985231     
          24          53   1.27306979298340     
          26          53   1.23069745923899     
          26          61   1.26980108197105     
          27          61   1.19434210597796     
          27          68   1.41079372024212     
          34          74   1.26869066127714     
          35          74   1.21937267423348     
          47          74   1.25647335018693     
          48          75   1.35386520590549     
          68          75   1.28436285871370     
          70          75   1.18717622741842     
          69          76   1.33058666593656     
          71          76   1.49894369608963     
          35          77   1.24520783231532     
          36          77   1.22659635993587     
          49          77   1.26980630612768     
          50          78   1.25549060756631     
          70          78   1.27820845808362     
          72          78   1.22104820449729     
          36          79   1.26237666249224     
          37          79   1.19434202024832     
          51          79   1.26980153367844     
          52          80   1.27824336331054     
          72          80   1.22805273867155     
          73          80   1.24914893772347     
          37          81   1.21330882589019     
          45          81   1.56758337747129     
          46          82   1.33688411515609     
          69          82   1.15079316065156     
          73          82   1.27778490225539     
          44          83   1.24866411559359     
          47          83   1.23950853376556     
          55          83   1.25803083544866     
          47          84   1.24931072603962     
          49          84   1.23378569572219     
          57          84   1.25803091662711     
          48          85   1.33003411156327     
          50          85   1.21851180398883     
          58          85   1.27341012563818     
          49          86   1.24001436315755     
          51          86   1.23069736006634     
          59          86   1.27306998634246     
          50          87   1.26070292145409     
          52          87   1.13498767211545     
          60          87   1.39339910861580     
          45          88   1.18504890101514     
          51          88   1.24890467969936     
          54          88   1.28409801521438     
          46          89   1.48754159032869     
          52          89   1.34544249213795     
          53          90   1.24001454150555     
          55          90   1.23378573021027     
          63          90   1.26980607757938     
          54          91   1.15260442508721     
          56          91   1.29584349259735     
          64          91   1.29360366912424     
          55          92   1.24931081538476     
          57          92   1.23950846932971     
          65          92   1.25647328806276     
          56          93   1.43751546613506     
          66          93   1.39078128627767     
          57          94   1.24866415490260     
          59          94   1.22021991535892     
          67          94   1.27400898024482     
          58          95   1.50767636323772     
          60          95   1.38149495360180     
          54          96   1.28470408507967     
          59          96   1.25073960074099     
          62          96   1.20625249952809     
          61          97   1.26237704024210     
          63          97   1.22659627103237     
          70          97   1.26767444191397     
          62          98   1.29306734656803     
          64          98   1.13849840289001     
          71          98   1.33080798474602     
          63          99   1.24520809159672     
          65          99   1.21937254636196     
          72          99   1.28330163814309     
          64         100   1.34268158366472     
          66         100   1.48156150611889     
          65         101   1.26869083294492     
          67         101   1.24706424008436     
          73         101   1.22552005965952     
          62         102   1.25285308720698     
          67         102   1.21841482248766     
          69         102   1.28222159726036     
           1         103  0.960875401907540     
           2         104  0.960812582790791     
           4         105  0.961084827943956     
           7         106  0.962170377139513     
           8         107  0.961017233952702     
          10         108  0.961046093531132     
          13         109  0.961660055451820     
          17         110  0.957950388266811     
          18         111  0.969096163780596     
          28         112  0.970238092612238     
          38         113  0.968708298993398     
          40         114  0.966129963545095     
          43         115  0.965939933813618     
          46         116  0.961017443225669     
          48         117  0.966129965199574     
          58         118  0.968708296123194     
          60         119  0.962170466669712     
          66         120  0.969096020890255     
          68         121  0.965939947785057     
          71         122  0.961046152130068     
          76         123  0.960812810615352     
          81         124  0.957950470376217     
          89         125  0.960875519092011     
          93         126  0.961660049654227     
          95         127  0.970238023795510     
         100         128  0.961084857671628     
          45         131   1.03663956430151     
          56         131   1.03885828546911     
         130         131  0.941548555686371     
          22         132   1.03885922900578     
          25         132   1.03664008253676     
         129         132  0.941547083425852     
