   -0.03878189
   -0.04058084
   -0.03815662
   -0.02979597
    0.00611652
    0.01196592
   -0.03083201
   -0.03790926
   -0.03788113
    0.00503216
    0.01143557
    0.00380427
    0.00106065
    0.00193502
    0.00075889
   -0.00021968
   -0.03108713
    0.01020533
   -0.03614340
    0.00312251
    0.01140347
   -0.00276293
   -0.00189850
   -0.00007840
   -0.04014360
    0.00473347
    0.00070567
   -0.03093544
    0.00028090
    0.00088119
   -0.03888141
   -0.07377321
   -0.04082224
   -0.03827272
   -0.02346679
   -0.00116427
    0.00409890
    0.00457139
   -0.00061779
   -0.07256627
   -0.04884247
    0.01051779
   -0.04011601
    0.00008015
   -0.00140177
    0.00011805
   -0.02994017
   -0.05161763
    0.00390144
   -0.03990238
   -0.00182782
   -0.00527791
   -0.00016098
    0.02776889
    0.03326777
    0.02602638
    0.03568467
    0.02515983
    0.02570024
    0.02823840
    0.03174467
    0.02849919
    0.03263863
    0.03198836
    0.02823200
    0.02671109
    0.03262558
    0.02965679
    0.02890502
    0.02842872
    0.02722987
    0.02778170
    0.25284153
