           1           4   1.38634558421356     
           2           4   1.50387369221407     
           1           5   1.38571406895246     
           2           6   1.27315437505950     
           3           8   1.47501781503925     
           3          14   1.35344351464164     
           5          14   1.13470439453884     
           5          20   1.26919071615658     
           6          20   1.21891802843815     
           6          25   1.32637993221018     
           7          31   1.38272584535070     
          10          31   1.38619998103778     
          25          32   1.36549942171474     
          27          32   1.10860343523353     
          26          33   1.38649702019711     
          28          33   1.38240721932343     
           7          34   1.50744321102425     
          11          34   1.26901543289088     
          12          35   1.24112088360013     
          27          35   1.27497421242510     
          29          35   1.23008271897629     
          13          36   1.27917772475788     
          29          36   1.23028898577367     
          30          36   1.24333905595475     
           9          37   1.35428963400567     
          26          37   1.13379617078259     
          30          37   1.27397781638503     
           8          38   1.35530017398784     
          10          38   1.13402717349116     
          15          38   1.27286136030245     
          10          39   1.26924673957611     
          11          39   1.21190959024953     
          16          39   1.24933767337283     
          12          40   1.14373271498670     
          17          40   1.30333445834005     
          11          41   1.34250156734065     
          18          41   1.32634079900070     
          12          42   1.27437183001211     
          13          42   1.12918477692382     
          19          42   1.37631211791455     
           9          43   1.47653617672270     
          13          43   1.35037037304511     
          14          44   1.27598889834512     
          15          44   1.24493588112675     
          22          44   1.23047425761641     
          15          45   1.23574594108478     
          16          45   1.22425289960646     
          23          45   1.27373143038884     
          16          46   1.28049283073748     
          18          46   1.17494206862999     
          24          46   1.28090317330086     
          17          47   1.48555569825636     
          19          47   1.39689992988040     
          18          48   1.32680353863528     
          21          48   1.34242985159866     
          20          49   1.24229960327926     
          22          49   1.22021548653862     
          27          49   1.28363476876767     
          21          50   1.26889653839701     
          28          50   1.50778164725663     
          22          51   1.27831743322214     
          23          51   1.19880329040706     
          29          51   1.27090596094927     
          23          52   1.27520171846768     
          24          52   1.22305410179496     
          30          52   1.23542662218406     
          21          53   1.21196629302096     
          24          53   1.24992621811149     
          26          53   1.26894663096027     
           2          54  0.968737085183125     
           9          55  0.959808661089148     
          17          56  0.970356721251222     
          19          57  0.958867719326190     
          25          58  0.967728180263681     
          28          59  0.970408469082562     
          33          60  0.961748890718676     
          43          61  0.958053838425522     
          47          62  0.969775193891959     
           1          63  0.960871646002223     
           3          64  0.959583825454918     
           4          65  0.970179763227829     
           7          66  0.970329023535485     
           8          67  0.960126969952403     
          31          68  0.961748458936138     
          34          69  0.968849789073023     
          41          70  0.966294627810141     
          48          71  0.966405958440240     
          50          72  0.968944076561947     
          32          73   1.34015994115210     
          40          73   1.35881800775357     
