   -0.05907378
   -0.02960860
   -0.04557581
    0.00571133
    0.14017237
   -0.01656040
    0.00679926
   -0.07312346
    0.13635032
   -0.01455994
   -0.00076800
   -0.04817314
    0.01386977
   -0.00558530
    0.00348922
   -0.07092598
    0.01390387
   -0.00641344
   -0.00019729
    0.13824575
   -0.01661704
    0.00670768
   -0.07116790
    0.13724066
   -0.01574079
   -0.00034529
   -0.03812815
    0.01324997
   -0.00325352
    0.00718216
   -0.02956614
   -0.03866249
    0.00293612
   -0.03557331
   -0.03794716
    0.00557714
   -0.00408522
    0.00238073
   -0.00083869
    0.00099483
   -0.00076435
    0.00058157
    0.00083986
    0.00017466
    0.00073121
    0.00047106
   -0.00094838
    0.00003593
   -0.00022467
    0.00062016
   -0.00070324
    0.00011021
   -0.00378988
    0.00091946
   -0.00007696
    0.00030115
   -0.00031106
    0.00029883
   -0.00032601
    0.00012001
    0.00493081
    0.00178654
    0.00124134
    0.00472956
   -0.03594330
   -0.03677781
   -0.00175268
   -0.03366143
   -0.04434630
   -0.00477096
   -0.00121952
    0.00299691
   -0.01290964
   -0.00818202
   -0.00040720
    0.00006310
   -0.00002177
   -0.00211447
    0.00053491
   -0.00003513
   -0.00089342
    0.00022985
   -0.00054834
    0.00049101
    0.00018435
   -0.00043139
   -0.00033816
    0.00016973
    0.00040856
   -0.00033829
    0.00002707
   -0.00028863
   -0.00030210
   -0.00015689
    0.00471672
    0.00144300
    0.00145313
    0.00465468
   -0.03658079
   -0.03649133
    0.05627800
   -0.04528207
   -0.07238327
    0.00219178
    0.07836257
    0.07046060
   -0.00924434
   -0.00040546
   -0.00812373
   -0.01385542
   -0.00205972
    0.00047857
   -0.00027526
   -0.00097665
    0.00067779
   -0.00024872
   -0.00060013
    0.00155118
   -0.00025130
    0.00044554
   -0.00044065
    0.00131118
   -0.00385677
    0.00024366
   -0.00037826
    0.00024652
   -0.00074802
    0.00473657
    0.00124648
    0.00181934
    0.00473141
   -0.03691934
   -0.03587746
    0.00523109
   -0.03806678
   -0.02946901
   -0.03823455
   -0.00521161
   -0.00504630
    0.01462147
   -0.07209354
    0.00235075
   -0.01329151
    0.13779458
   -0.00139330
   -0.01808944
    0.13867583
   -0.06981657
    0.00051641
   -0.01068361
    0.01472842
   -0.07016178
    0.00734572
   -0.01830107
    0.13922026
   -0.00028686
   -0.01555837
    0.13657487
   -0.07148544
    0.00713686
   -0.00303464
    0.01330351
   -0.03846647
   -0.03890881
   -0.02955669
    0.04849704
    0.03931413
    0.03766997
    0.04643139
    0.03597660
    0.04714408
    0.04665072
    0.03337363
    0.03355699
    0.03291087
    0.03551991
    0.03063788
    0.04987364
    0.03152862
    0.03750528
    0.03405911
    0.03606214
    0.04898736
    0.04974069
    0.04957773
    0.04655882
    0.03318318
    0.03094432
    0.03102315
    0.03229745
    0.03393255
    0.03358108
    0.03353762
    0.03355914
    0.03350823
    0.03390691
    0.03218027
   -0.23371175
   -0.23156183
   -0.23045516
   -0.05277724
   -0.22985216
