           1           2   1.39791211660439     
           2           3   1.47825531737266     
           3           4   1.34134203373502     
           1           5   1.40031645093050     
           4           6   1.28801447208401     
           5           6   1.27621805242437     
           6           7   1.17760552933881     
           8           9   1.50845373024264     
           7          10   1.26904601649287     
           9          10   1.19044936213251     
          10          11   1.26727993436793     
           8          13   1.23188473070185     
          12          13   1.36828296940046     
          11          14   1.25111135043371     
          13          14   1.21397764817973     
          14          15   1.27221406639305     
          12          17   1.34693992754905     
          16          17   1.24616831189601     
          15          18   1.26798800766020     
          17          18   1.21971747039704     
          18          19   1.25012889767170     
          16          20   1.48852195598277     
          19          21   1.28358164065418     
          20          21   1.20694786427303     
          21          22   1.22902302035340     
          23          24   1.50017933196255     
          22          25   1.23756668815790     
          24          25   1.19971585242506     
          25          26   1.28824290491072     
          23          28   1.24225504063632     
          27          28   1.31987673176787     
          26          29   1.23795754230158     
          28          29   1.24915002859335     
          29          30   1.26300998257453     
          27          31   1.47637859947565     
          30          32   1.38945256548239     
          31          32   1.40811685298362     
           4          33   1.14711700189807     
          33          34   1.32025518972129     
          34          35   1.51569234689670     
          35          36   1.31141773056967     
           7          37   1.28994487808746     
          33          38   1.28912405645831     
          37          38   1.20597276446624     
          36          39   1.27959696282654     
          38          39   1.25968035927037     
          39          40   1.20850283326221     
          11          41   1.23599132450985     
          37          42   1.24745766453883     
          41          42   1.27446580898857     
          40          43   1.26488302247751     
          42          43   1.22298821671488     
          43          44   1.25571605027477     
          15          45   1.21575225753092     
          41          46   1.23326545357722     
          45          46   1.27020789743190     
          44          47   1.23728828458303     
          46          47   1.24423233446140     
          47          48   1.26037757729824     
          19          49   1.22144812458704     
          45          50   1.25256580589174     
          49          50   1.24643931332090     
          48          51   1.25116437159761     
          50          51   1.24993639485856     
          51          52   1.24244796261968     
          22          53   1.27277342732173     
          49          54   1.27287709426835     
          53          54   1.23505655227605     
          52          55   1.26704686094322     
          54          55   1.23824363590725     
          55          56   1.23593327941413     
          26          57   1.22570426076446     
          53          58   1.23737792776072     
          57          58   1.29261252390003     
          56          59   1.25260411591946     
          58          59   1.21690980531276     
          59          60   1.27387935710531     
          30          61   1.13316393361806     
          57          62   1.21858218107116     
          61          62   1.28476522371399     
          60          63   1.22013738687316     
          62          63   1.25213599217648     
          63          64   1.28085244647337     
          61          65   1.34091613027763     
          64          66   1.33230269628988     
          65          66   1.49315160919829     
          36          67   1.17207584752029     
          67          68   1.30927379753794     
          68          69   1.52716252906941     
          69          70   1.27671452173902     
          40          71   1.26783745371657     
          67          72   1.25822304203187     
          71          72   1.20541720847773     
          70          73   1.23911175515609     
          72          73   1.29397172771476     
          73          74   1.16558275651211     
          44          75   1.25413370517182     
          71          76   1.26362242254258     
          75          76   1.25661804563770     
          74          77   1.24607007167432     
          76          77   1.22266601461451     
          77          78   1.26328894473000     
          48          79   1.23471932513232     
          75          80   1.23311641559805     
          79          80   1.26075199011745     
          78          81   1.22304745627835     
          80          81   1.25113130021553     
          81          82   1.26618698219078     
          52          83   1.23685149826559     
          79          84   1.24712695968007     
          83          84   1.24348393184258     
          82          85   1.24495660932747     
          84          85   1.25588438208513     
          85          86   1.24422572302880     
          56          87   1.25659658839795     
          83          88   1.26294256891102     
          87          88   1.23779498783595     
          86          89   1.26351615450882     
          88          89   1.24308557902614     
          89          90   1.23668571047236     
          60          91   1.24906300168164     
          87          92   1.25140480670533     
          91          92   1.27264369480493     
          90          93   1.25183703133663     
          92          93   1.22021560367860     
          93          94   1.27211596813038     
          64          95   1.15239212705008     
          91          96   1.21924776788732     
          95          96   1.28320694034899     
          94          97   1.21918273927480     
          96          97   1.25154705016108     
          97          98   1.28328566179548     
          95          99   1.32597559160792     
          98         100   1.32585857185559     
          99         100   1.50501677556770     
          70         101   1.23704247649347     
         101         102   1.43354813876324     
         102         103   1.40826349890497     
         103         104   1.28025949749703     
          74         105   1.33242032419205     
         104         106   1.35435900848072     
         106         107   1.31899551481252     
          78         108   1.26875926201726     
         105         109   1.35142303209366     
         108         109   1.23048544956188     
         107         110   1.23013559872375     
         109         110   1.16705034650063     
         110         111   1.28970826825868     
          82         112   1.23344694074407     
         108         113   1.23374179498951     
         112         113   1.26291905468287     
         111         114   1.21230741251935     
         113         114   1.24519452366265     
         114         115   1.28173883349095     
          86         116   1.23602104272874     
         112         117   1.24790199111639     
         116         117   1.24169450850957     
         115         118   1.24612538025324     
         117         118   1.25545772852449     
         118         119   1.24650025016403     
          90         120   1.25758098113866     
         116         121   1.26773648826921     
         120         121   1.23362262137462     
         119         122   1.27509910634032     
         121         122   1.24066530728758     
         122         123   1.22959759672616     
          94         124   1.25007844723314     
         120         125   1.25364792852773     
         124         125   1.27386597584278     
         123         126   1.23801973245248     
         125         126   1.21595700420665     
         126         127   1.29276946101644     
          98         128   1.15253748250651     
         124         129   1.21894821730009     
         128         129   1.28180133740187     
         127         130   1.21630545814330     
         129         130   1.25250713247375     
         130         131   1.28674590841904     
         128         132   1.33101126466047     
         131         133   1.33892171008011     
         132         133   1.49522988723431     
         104         134   1.12348359902304     
         134         135   1.38601173299590     
         135         136   1.41233597335193     
         136         137   1.46945637469335     
         107         138   1.19186755143202     
         134         139   1.26192383213842     
         138         139   1.25331219798887     
         137         140   1.32733688934333     
         139         140   1.24168097931602     
         140         141   1.24026277483171     
         111         142   1.24914394399533     
         138         143   1.28681803098067     
         142         143   1.24754829035965     
         141         144   1.50360348636856     
         143         144   1.19424855957715     
         115         145   1.21327838176688     
         142         146   1.22386449035991     
         145         146   1.28080403632523     
         146         147   1.22110079358749     
         147         148   1.46575176003661     
         119         149   1.21878835714821     
         145         150   1.25364173362086     
         149         150   1.24846082868047     
         148         151   1.27485776064152     
         150         151   1.24340034290000     
         151         152   1.28252715014761     
         123         153   1.27842923611145     
         149         154   1.28629321948484     
         153         154   1.21335611369899     
         152         155   1.45734228634097     
         154         155   1.22521741535223     
         127         156   1.22916919796141     
         153         157   1.24716572732955     
         156         157   1.28386996183904     
         157         158   1.19652483683681     
         158         159   1.50398702690829     
         131         160   1.13359460623026     
         156         161   1.23825869572896     
         160         161   1.26311831774530     
         159         162   1.23961636759646     
         161         162   1.24898833400502     
         162         163   1.32221659402109     
         160         164   1.38846636033044     
         163         165   1.47438055775782     
         164         165   1.40981239560188     
           1         166  0.968055464147651     
           2         167  0.970407302720199     
           3         168  0.962872641130697     
           8         169  0.965736137495545     
          12         170  0.966781248959343     
          16         171  0.965926465707039     
          23         172  0.965620870750303     
          27         173  0.968839835985952     
          34         174  0.962305776313736     
          35         175  0.961089718743098     
          68         176  0.960098149124313     
          69         177  0.961899744288002     
         102         178  0.950691996312180     
         103         179  0.963498917679846     
         135         180  0.962816028104231     
         136         181  0.970381571262687     
         137         182  0.968709681105440     
         141         183  0.965454809579438     
         148         184  0.965956473777704     
         152         185  0.965991444423656     
         159         186  0.965630914875106     
         163         187  0.968859936254401     
         165         188  0.970579088943881     
          31         189  0.970558493403337     
          32         190  0.962809108811047     
          65         191  0.961680395718731     
          66         192  0.960765714156298     
          99         193  0.960641292587201     
         100         194  0.960671175222496     
         132         195  0.960804353198213     
         133         196  0.961752866200486     
         164         197  0.962869367435508     
          20         198   1.04775308559838     
          24         198   1.04488354399955     
         155         199   1.05297950165816     
         158         199   1.04244689253125     
         144         200   1.04690440244113     
         147         200   1.04877875986816     
         101         201  0.810854964710332     
         105         201  0.856170107183050     
         106         201  0.828603809466749     
           5         202   1.05503516639752     
           9         202   1.04381926709523     
