   -0.03872901
   -0.03452725
    0.00754941
   -0.05029703
   -0.07572624
   -0.03503545
    0.01436615
   -0.03389603
    0.01411971
    0.00314966
   -0.02096731
    0.00351496
   -0.07622286
    0.00374136
   -0.02209218
   -0.10834891
   -0.05611150
    0.00386843
   -0.06216300
    0.00691096
    0.00464184
   -0.07163949
    0.00305997
    0.00683920
   -0.10438151
   -0.06968297
   -0.06495803
    0.00296450
    0.00065411
   -0.06848679
    0.00152877
    0.00187568
    0.00260439
    0.01265935
   -0.02289643
    0.00512967
    0.00046315
    0.00390477
   -0.02267522
   -0.00287496
   -0.06996101
   -0.04018614
    0.00013187
   -0.02588790
    0.00475527
    0.01154593
    0.01467394
    0.00150233
    0.01090777
   -0.00093312
   -0.06846267
    0.00370057
   -0.02206448
    0.00145860
    0.00487838
    0.00774803
    0.00509396
    0.00609591
    0.00235248
   -0.03028087
    0.00022918
   -0.02644885
   -0.07247950
   -0.11038234
    0.00353390
    0.00117916
    0.00282760
   -0.06523615
   -0.00389273
   -0.07806758
   -0.07035027
   -0.00140313
   -0.02360144
    0.01452119
    0.00194241
    0.00059223
    0.00253631
   -0.07582577
   -0.07136464
   -0.06851259
   -0.03642343
    0.00056796
    0.00662408
    0.00205726
   -0.02578158
    0.00109265
   -0.11070901
    0.00151567
   -0.07438911
    0.01394783
   -0.00170866
   -0.02914583
    0.00123463
   -0.00074016
    0.04573425
    0.03637442
   -0.09950212
   -0.10431534
    0.03617353
    0.03657800
    0.02853629
    0.03640754
    0.02024084
    0.01921964
    0.02614246
   -0.10620211
    0.03392484
    0.04210352
    0.02700390
    0.02137110
   -0.11106020
    0.02979859
    0.02789340
    0.02873428
   -0.10160040
    0.03621239
    0.04628811
    0.03384533
    0.01686181
    0.03596365
   -0.10518569
   -0.10484873
    0.21266124
    0.21071204
    0.19556070
    0.19236735
    0.21517269
    0.20975644
    0.20387930
    0.21318004
    0.21880489
    0.20837005
