           1           6   1.59778247877972     
           3           6   1.24694792960425     
           1           7   1.23722899757291     
           2           8   1.63097043201990     
           4           8   1.21416072220647     
           2           9   1.17714095109767     
           3           9   1.23245578898549     
           5           9   1.33601337561740     
           3          10   1.26611481251693     
          11          16   1.69400721188054     
           4          17   1.46171240253772     
          12          17   1.17470654199836     
           5          18   1.28738867012375     
          11          19   1.17806606843786     
          12          19   1.43934840805872     
          12          20   1.12774865503240     
          13          20   1.35953285313582     
          14          20   1.22202702132776     
          13          21   1.26989753773548     
          14          22   1.25246554154765     
          15          22   1.41882196762025     
          14          23   1.26059060884118     
          15          24   1.34466095587121     
           7          26   1.29442308034815     
           7          28   1.23641628639995     
          10          28   1.25452110158849     
          10          31   1.22388659015177     
          18          31   1.25029089138011     
          25          35   1.60809371217918     
          27          35   1.26184114435269     
          26          36   1.29943390759575     
          27          36   1.27196028349528     
          29          36   1.18619581938600     
          28          37   1.24257473564323     
          29          37   1.30130701537989     
          32          37   1.20061032580337     
          29          38   1.22424815903136     
          30          38   1.24003231838525     
          33          38   1.26908431568902     
          30          39   1.46699392654709     
          34          39   1.29118849801381     
          18          40   1.20362637681718     
          21          40   1.21962600175256     
          21          48   1.24439942435740     
          23          48   1.24769689840285     
          23          55   1.23599806505702     
          24          55   1.19392106460616     
          24          62   1.23738367640497     
          31          67   1.26393965505464     
          32          67   1.22064313555836     
          43          67   1.24906419353497     
          44          68   1.24039213391183     
          62          68   1.49043740935232     
          32          69   1.32588929306286     
          33          69   1.20602189624432     
          45          69   1.18714405626352     
          46          70   1.30828077514757     
          65          70   1.30670074404328     
          33          71   1.27979709239989     
          34          71   1.31815511357298     
          47          72   1.25082115335441     
          65          72   1.25815393253885     
          66          72   1.24016137001314     
          34          73   1.19240736515554     
          41          73   1.53446153593177     
          42          74   1.22228905387488     
          63          74   1.30422246374817     
          66          74   1.24004131458540     
          40          75   1.29454549408869     
          43          75   1.23547597760407     
          50          75   1.21739223319503     
          43          76   1.25130342237568     
          45          76   1.24448115774087     
          52          76   1.24775119854383     
          44          77   1.50503692099471     
          46          77   1.11309682063263     
          53          77   1.17130133859609     
          45          78   1.31155317364809     
          54          78   1.29833504931125     
          46          79   1.32927432195424     
          47          79   1.29181931081801     
          41          80   1.18662007514902     
          49          80   1.41412751987224     
          42          81   1.62289750387917     
          47          81   1.22151254808883     
          48          82   1.25016556252775     
          50          82   1.25135164824537     
          57          82   1.23810682048616     
          49          83   1.14792219875865     
          51          83   1.29304683268007     
          58          83   1.31187948143798     
          50          84   1.27107204867871     
          52          84   1.24338912628105     
          59          84   1.21802467529323     
          51          85   1.41201999458485     
          60          85   1.41235653159726     
          52          86   1.24532350709451     
          54          86   1.27128273285480     
          61          86   1.22242412451785     
          53          87   1.70025147995125     
          49          88   1.15265023429547     
          54          88   1.17228044833299     
          56          88   1.40272591413770     
          55          89   1.31319516647902     
          57          89   1.29847821981418     
          56          90   1.12706432995382     
          58          90   1.09737387292341     
          64          90   1.59305801307286     
          57          91   1.20832039833050     
          59          91   1.32066428835470     
          65          91   1.18533327853829     
          58          92   1.36082826395711     
          60          92   1.45653842112518     
          59          93   1.20894028264880     
          61          93   1.26747881852240     
          66          93   1.26331116692205     
          56          94   1.18569389752612     
          61          94   1.24756074286559     
          63          94   1.31407269866810     
           1          95  0.960581741277945     
           2          96  0.960129330935958     
           6          99  0.959097874808619     
           8         100  0.960651438346271     
          11         101  0.965587794287637     
          15         102  0.965668089233777     
          16         103  0.971264452201408     
          25         104  0.972225360294873     
          35         105  0.965511660041219     
          39         107  0.966283725504759     
          42         108  0.962070815917682     
          44         109  0.962023337886623     
          53         110  0.964032103778285     
          60         112  0.969852519537061     
          62         113  0.962543881386399     
          64         114  0.962937242115760     
          73         116  0.967256477347035     
          81         117  0.960959896144740     
          85         118  0.969613784947877     
          87         119  0.972661641047545     
          92         120  0.963054052937301     
          63         123   1.05142512637040     
          64         123   1.09762545394701     
         115         123  0.962533692281336     
          79         124   1.05697495267171     
          87         124   1.10182067314386     
         111         124  0.963168049649554     
          68         125   1.03852837933589     
          70         125   1.07946931046952     
          89         125   1.05718623812507     
          71         126   1.06389056654472     
          78         126   1.06308893163687     
          80         126   1.06861101535925     
          41         127   1.06677291340869     
          51         127   1.05373848484659     
         122         127  0.969948385468562     
          27         128   1.08129913620177     
          30         128   1.04971592581567     
         106         128  0.968560106870069     
           4         129   1.02150840990970     
           5         129   1.06129977209540     
          13         129   1.07046866982455     
          19         130   1.05886989871915     
          22         130   1.06468623998943     
         121         130  0.969592773437851     
          16         131   1.09637521883165     
          17         131   1.02667716260258     
          97         131  0.960473121047236     
          25         132   1.10827732912497     
          26         132   1.04681556653029     
          98         132  0.953023759632288     
