   -0.02379649
   -0.03842239
   -0.11295867
   -0.07041741
    0.00486976
   -0.10856776
   -0.03451122
   -0.03912648
    0.00470071
   -0.06780196
    0.00431604
    0.00828536
    0.01814694
    0.00048256
    0.00004647
   -0.02108002
    0.00867389
   -0.02744799
    0.00477403
    0.00753757
    0.00178806
    0.00290787
   -0.00011916
   -0.02611380
   -0.07139055
    0.00582469
   -0.11067200
    0.00215790
    0.00007508
   -0.02359007
   -0.07288547
   -0.00191496
   -0.00056309
    0.01463354
    0.01203720
    0.00366392
   -0.07031876
   -0.02431236
    0.00682848
   -0.03562264
    0.00090346
   -0.00090587
    0.00418289
   -0.03088604
   -0.03084979
   -0.00026908
   -0.02414277
    0.00246982
    0.00439000
    0.00399645
    0.02389686
    0.04859253
    0.03630606
    0.03652877
    0.03528942
    0.01958309
   -0.10859884
    0.03667626
    0.03062202
   -0.11020857
    0.05007840
    0.01756905
    0.02019360
    0.03937693
    0.03046964
    0.03803324
    0.03752061
    0.02426988
   -0.10410027
   -0.10465515
    0.20949569
    0.21203541
    0.21106283
    0.21095663
