           1           3   1.72010300004406     
           1           5   1.15426412096849     
           2           7   1.63322722161758     
           2          13   1.21141802319028     
           4          13   1.33686839798604     
           4          19   1.27832043188150     
           5          19   1.23275525809620     
           5          24   1.39807390831607     
           6          30   1.70983833512382     
           9          30   1.16892206419227     
          24          31   1.37673446532150     
          26          31   1.29198088308605     
          11          32   1.20710467548284     
          26          32   1.19461190819322     
          28          32   1.32502150721758     
          12          33   1.30541323987265     
          28          33   1.20563531151415     
          29          33   1.24242328429157     
           8          34   1.24744790877531     
          25          34   1.27979327342542     
          29          34   1.24332071738585     
           7          35   1.21801346457853     
           9          35   1.30296337372757     
          14          35   1.22898897303871     
           9          36   1.25415209821771     
          10          36   1.22891279263690     
          15          36   1.25886191979633     
          11          37   1.26686225702962     
          16          37   1.43760008875412     
          18          37  0.100226506591477     
          10          38   1.48641656106954     
          17          38   1.28400007138619     
          11          39   1.27858879441113     
          12          39   1.18392534533533     
          18          39   1.31136776132505     
           8          40   1.58821135792325     
          12          40   1.25892147193519     
          13          41   1.22214338742727     
          14          41   1.26643031778505     
          21          41   1.25587757757305     
          14          42   1.25348156978646     
          15          42   1.24661536557639     
          22          42   1.24336196854832     
          15          43   1.24597978303603     
          17          43   1.25007734059377     
          23          43   1.23934550458715     
          16          44   1.37724822529646     
          18          44   1.50203538646874     
          17          45   1.26540280872146     
          20          45   1.48647525582957     
          19          46   1.23946514922725     
          21          46   1.25557653498527     
          26          46   1.25392484073432     
          20          47   1.14566993189025     
          27          47   1.73315258807352     
          21          48   1.23497168747835     
          22          48   1.28666907076534     
          28          48   1.21713234852979     
          22          49   1.21061800697314     
          23          49   1.27034888781939     
          29          49   1.26241985405392     
          20          50   1.17648077658449     
          23          50   1.23895206728630     
          25          50   1.33768472826007     
           1          51  0.964380283233749     
           8          52  0.959402978502874     
          16          53  0.969336837525143     
          18          54  0.958564091023018     
          24          55  0.965299451841714     
          27          56  0.972408257443849     
          40          58  0.957505981415334     
          44          59  0.969654673005977     
           2          61  0.958485367260405     
           3          62  0.972548210982984     
           6          63  0.972507059685720     
           7          64  0.955430782975564     
          30          65  0.955023141531294     
          38          66  0.965890776512091     
          45          67  0.963994671330678     
          47          68  0.964339272099524     
           6          71   1.10551932248147     
          10          71   1.04369026553068     
          69          71  0.971163304704607     
          25          72   1.05407866123862     
          27          72   1.10176317201601     
          57          72  0.962730572801814     
           3          73   1.11134462277895     
           4          73   1.04583248740256     
          60          73  0.961749695059359     
          31          74   1.07387478987367     
          37          74   1.06515250827900     
          70          74  0.970058450733289     
