   -0.03806892
   -0.04461375
   -0.04124917
   -0.03360882
    0.00556909
    0.00346053
   -0.03163015
   -0.03663150
   -0.03743861
    0.00368992
   -0.09950794
    0.01056194
   -0.00376914
   -0.00086858
    0.00191971
    0.00060313
   -0.00004770
   -0.06668634
    0.00931574
   -0.04485704
   -0.00202568
    0.01064492
    0.00175359
   -0.00276254
   -0.00039959
   -0.06644750
    0.00362185
   -0.01156361
   -0.03161930
   -0.00324363
    0.00103054
   -0.04459052
    0.05987196
   -0.04302299
   -0.04259098
    0.00116463
   -0.00030214
    0.00393534
    0.00285869
   -0.00179863
    0.06102100
   -0.05687001
    0.00593352
   -0.03965361
   -0.00080869
   -0.00704902
    0.00047532
   -0.02889265
   -0.05464158
   -0.00788749
   -0.04104622
   -0.00113984
   -0.00408452
   -0.00221361
    0.02390664
    0.03259678
    0.17289216
    0.02366993
    0.03783257
    0.05578611
    0.02302008
    0.02529185
    0.02940157
    0.03438887
    0.03599060
    0.02908809
    0.03038114
    0.02212063
    0.03222846
    0.02431635
    0.02446537
    0.02315666
    0.02420457
    0.02566372
    0.05579838
