           1           4   1.49201816483000     
           2           4   1.37463067917348     
           1           5   1.34189852203330     
           1           6  0.104441295494024     
           2           6   1.47450710909254     
           3           8   1.50612235844052     
           3          15   1.31772476916054     
           5          15   1.15217219654018     
           5          21   1.27585223910767     
           6          21   1.29862381869773     
           6          26   1.00720390301325     
           7          32   1.39375325569872     
          10          32   1.36935613429278     
          11          33   1.21842693887565     
          26          33   1.02365169867244     
          28          33   1.38603351577607     
          27          34   1.36546128995161     
          29          34   1.39597658719589     
           7          35   1.49663084405116     
          12          35   1.27286265719873     
          13          36   1.22260623909590     
          28          36   1.18807276253508     
          30          36   1.30308670910514     
          14          37   1.28992227250592     
          30          37   1.20807560312842     
          31          37   1.25239354360537     
           9          38   1.32480502426623     
          27          38   1.14609345544060     
          31          38   1.28066768862589     
           8          39   1.33073884843345     
          10          39   1.14282816903681     
          16          39   1.27987299161464     
          10          40   1.27482155629738     
          12          40   1.21521023881412     
          17          40   1.23867884017150     
          11          41   1.13456618745512     
          13          41   1.24767425282558     
          18          41   1.38110150093002     
          12          42   1.33553811054620     
          19          42   1.32489909625037     
          13          43   1.27706136399262     
          14          43   1.16035497685417     
          20          43   1.32924807542486     
           9          44   1.51204986577091     
          14          44   1.31254266449639     
          15          45   1.29617933871199     
          16          45   1.25273556168587     
          23          45   1.20144303118900     
          16          46   1.22326331502978     
          17          46   1.24318577270040     
          24          46   1.25556715387440     
          17          47   1.27365674283937     
          19          47   1.18153075300130     
          25          47   1.27084374998173     
          18          48   1.39514020322060     
          20          48   1.47802904354650     
          19          49   1.32200826353201     
          22          49   1.33665659774903     
          21          50   1.19314012888214     
          23          50   1.31739714628992     
          28          50   1.18046332647400     
          22          51   1.27300485242059     
          29          51   1.49454933189763     
          23          52   1.23461482846140     
          24          52   1.24169266760227     
          30          52   1.23686721775422     
          24          53   1.25354941676497     
          25          53   1.24603312955225     
          31          53   1.22331304277437     
          22          54   1.21419493368836     
          25          54   1.23888828619233     
          27          54   1.27515719376813     
           2          55  0.969714322100069     
           9          56  0.960384876571790     
          11          57  0.934919168918672     
          18          58  0.967626562841172     
          20          59  0.961975644416563     
          26          60  0.941020102784653     
          29          61  0.970498463009899     
          34          62  0.962325068977236     
          44          63  0.961625759878701     
          48          64  0.970733141242959     
           1          65  0.960525029255266     
           3          66  0.960540470215484     
           4          67  0.970861363896696     
           7          68  0.970576085280585     
           8          69  0.960362820388575     
          32          70  0.962361602770860     
          35          71  0.969273788173784     
          42          72  0.966881158385714     
          49          73  0.966809001028102     
          51          74  0.969207538837017     
          26          75  0.940994492067148     
