   -0.04306489
   -0.02836180
   -0.04261061
    0.00659080
    0.04725584
    0.00020082
    0.00417366
   -0.05509738
    0.04439635
    0.00025967
    0.00081029
   -0.04780376
    0.01357099
   -0.00322452
    0.00279082
   -0.05352278
    0.01363842
   -0.00402886
    0.00132784
    0.04618471
   -0.00153761
    0.00421078
   -0.05349703
    0.04497047
   -0.00058439
    0.00098848
   -0.03748501
    0.01321943
   -0.00134459
    0.00701182
   -0.02875261
   -0.03820205
    0.00459990
   -0.03717160
   -0.03665201
    0.00645703
   -0.00217197
    0.00245846
    0.00194504
   -0.00020560
    0.00018468
    0.00086771
   -0.00013366
   -0.00027515
    0.00060192
   -0.00015221
   -0.00008049
   -0.00000597
    0.00044082
   -0.00017105
   -0.00003454
    0.00009052
   -0.00166525
    0.00084956
   -0.00007693
    0.00005571
    0.00037724
    0.00030841
   -0.00015407
    0.00012539
    0.00500016
    0.00134992
    0.00145601
    0.00482639
   -0.03641530
   -0.03659255
    0.00804089
   -0.02863796
   -0.06911841
    0.01792972
    0.00031093
   -0.00195359
    0.00440495
    0.00168226
    0.00003930
   -0.00009481
   -0.00004807
   -0.00002603
    0.00014762
   -0.00002321
   -0.00013123
    0.00025217
   -0.00005652
   -0.00021834
   -0.00008692
    0.00004774
   -0.00041381
    0.00021979
    0.00016250
   -0.00050391
    0.00003180
   -0.00000034
    0.00000635
   -0.00000489
    0.00488703
    0.00133778
    0.00138843
    0.00494065
   -0.03657010
   -0.03664834
    0.00917486
   -0.03316727
   -0.03510421
    0.00512301
    0.00023173
    0.00108023
    0.00169663
   -0.00018144
   -0.00036585
    0.00037225
   -0.00045517
   -0.00081790
   -0.00025142
    0.00024398
   -0.00011024
   -0.00003416
    0.00001371
   -0.00024066
   -0.00022453
    0.00056134
    0.00012067
   -0.00019596
    0.00056469
   -0.00150504
    0.00015331
   -0.00014748
    0.00032216
    0.00038416
    0.00477399
    0.00146271
    0.00138758
    0.00499782
   -0.03668356
   -0.03659138
    0.00673321
   -0.03565664
   -0.02934202
   -0.03618568
    0.00127853
    0.00188095
    0.01300663
   -0.04405278
    0.00132751
    0.00020141
    0.01243058
   -0.04505981
    0.00187779
   -0.00017384
    0.01316475
   -0.04649412
    0.00085577
   -0.00265432
    0.01278499
   -0.05388335
    0.00410289
   -0.00128956
    0.04589417
    0.00092333
   -0.00073708
    0.04507019
   -0.05323917
    0.00696106
   -0.00136932
    0.01311803
   -0.03746062
   -0.03826069
   -0.02880117
    0.04280734
    0.03767721
    0.03895095
    0.04111533
    0.03631482
    0.04191301
    0.04123064
    0.03404287
    0.03623556
    0.03643329
    0.04808861
    0.04102273
    0.03566294
    0.03362787
    0.03083108
    0.03232950
    0.03302405
    0.03297578
    0.03414505
    0.04094222
    0.04110030
    0.03398624
    0.03148566
    0.03157255
    0.03362279
    0.03478879
    0.03445369
    0.03420713
    0.03422790
    0.03447035
    0.03480679
    0.03368612
   -0.10616952
   -0.11506333
   -0.11789975
