           1           2   1.40219857968801     
           2           3   1.47204395547889     
           3           4   1.34474502101721     
           1           5   1.41594244322467     
           4           6   1.28133322852377     
           5           6   1.29842203651873     
           6           7   1.16849334635724     
           8           9   1.53021445978643     
           7          10   1.27212704782780     
           9          10   1.20490493539069     
          10          11   1.25325029332768     
           8          13   1.23514572174197     
          12          13   1.36606973792149     
          11          14   1.25212168314528     
          13          14   1.21191939894734     
          14          15   1.26953007956463     
          12          17   1.34307820777051     
          16          17   1.25041491324433     
          15          18   1.26611221198465     
          17          18   1.21827546819916     
          18          19   1.24911600221469     
          16          20   1.50937255398260     
          19          21   1.27338649552601     
          20          21   1.22424132500250     
          21          22   1.22491345926952     
          23          24   1.52124728047312     
          22          25   1.23257858621186     
          24          25   1.21581861334103     
          25          26   1.28096581361887     
          23          28   1.24611568005804     
          27          28   1.31355656559465     
          26          29   1.23392639524909     
          28          29   1.24938602319697     
          29          30   1.26373618143105     
          27          31   1.47840693791836     
          30          32   1.38727126897344     
          31          32   1.40736253408988     
           4          33   1.14520539431161     
          33          34   1.31788058874620     
          34          35   1.51466237612144     
          35          36   1.31647844807470     
           7          37   1.28723097484894     
          33          38   1.29790765225289     
          37          38   1.20288040154530     
          36          39   1.27710086795949     
          38          39   1.25218438129517     
          39          40   1.21725944462883     
          11          41   1.23984375620224     
          37          42   1.25060605621409     
          41          42   1.27542024838618     
          40          43   1.26466523387280     
          42          43   1.21879157800352     
          43          44   1.25759570872970     
          15          45   1.22058321088896     
          41          46   1.22885190075458     
          45          46   1.27084630269254     
          44          47   1.23939292671170     
          46          47   1.24443965399623     
          47          48   1.26033982499908     
          19          49   1.22416895781926     
          45          50   1.25067191728181     
          49          50   1.24246470327872     
          48          51   1.25121485579513     
          50          51   1.25183081945388     
          51          52   1.24266457987837     
          22          53   1.27336334720284     
          49          54   1.27511272203854     
          53          54   1.23467371806195     
          52          55   1.27000449250845     
          54          55   1.23465143989057     
          55          56   1.23679553953829     
          26          57   1.22846786544449     
          53          58   1.23592696111240     
          57          58   1.29654433821368     
          56          59   1.25670045628941     
          58          59   1.21326520736400     
          59          60   1.27290607087869     
          30          61   1.13617147397180     
          57          62   1.21247126053764     
          61          62   1.28688548849011     
          60          63   1.22231940298620     
          62          63   1.25396059221385     
          63          64   1.27776345830207     
          61          65   1.33809800381554     
          64          66   1.33253362970613     
          65          66   1.49480831329835     
          36          67   1.16269807158668     
          67          68   1.24173588410021     
          68          69   1.56771201063745     
          69          70   1.34427771060867     
          40          71   1.26085521762254     
          67          72   1.29213829081102     
          71          72   1.20844635070002     
          70          73   1.22062343294851     
          72          73   1.25509588946502     
          73          74   1.21776499346771     
          44          75   1.24927932319435     
          71          76   1.26480223007152     
          75          76   1.25941923321433     
          74          77   1.26229833332365     
          76          77   1.21999155694011     
          77          78   1.25546506220082     
          48          79   1.23209321142779     
          75          80   1.23580529976073     
          79          80   1.26571828020617     
          78          81   1.23977233497534     
          80          81   1.24175077891938     
          81          82   1.26183064922904     
          52          83   1.23212569235732     
          79          84   1.24629997649492     
          83          84   1.24749469633507     
          82          85   1.25036109010598     
          84          85   1.25074816469070     
          85          86   1.24413392626693     
          56          87   1.25175994374585     
          83          88   1.26469455448443     
          87          88   1.24159503803787     
          86          89   1.26890885041401     
          88          89   1.23710275624773     
          89          90   1.23802928760371     
          60          91   1.24720375883326     
          87          92   1.25222128992089     
          91          92   1.27639156341322     
          90          93   1.25554104767168     
          92          93   1.21574659576880     
          93          94   1.27355244197451     
          64          95   1.15401453742458     
          91          96   1.21801229887311     
          95          96   1.28483023370328     
          94          97   1.21910574485248     
          96          97   1.25094154335977     
          97          98   1.28396422417188     
          95          99   1.32344785259611     
          98         100   1.32325274345104     
          99         100   1.50762080525570     
          70         101   1.15867046692187     
         101         102   1.31848829365336     
         102         103   1.50284250298617     
         103         104   1.33246307119075     
          74         105   1.25138563743652     
         101         106   1.28249135912917     
         105         106   1.21924083499865     
         104         107   1.28386650978463     
         106         107   1.24996219397352     
         107         108   1.22226814282234     
          78         109   1.24895221331478     
         105         110   1.27094331409675     
         109         110   1.25771576819206     
         108         111   1.27868241044483     
         110         111   1.21463178839093     
         111         112   1.25505334645950     
          82         113   1.23135790596662     
         109         114   1.23904260024525     
         113         114   1.26871575708444     
         112         115   1.24661623637951     
         114         115   1.23444072281357     
         115         116   1.26599498588823     
          86         117   1.23036499558901     
         113         118   1.24456614687503     
         117         118   1.24984137834180     
         116         119   1.25338112975033     
         118         119   1.24921483287694     
         119         120   1.24311190197330     
          90         121   1.25118303016760     
         117         122   1.26520722037990     
         121         122   1.23933025380419     
         120         123   1.27738848030437     
         122         123   1.23600966569218     
         123         124   1.23140734800683     
          94         125   1.24821583878327     
         121         126   1.25519342373972     
         125         126   1.27366482838277     
         124         127   1.24080160788274     
         126         127   1.21356559473378     
         127         128   1.29142845395835     
          98         129   1.15505512156217     
         125         130   1.22111902680999     
         129         130   1.27925018590736     
         128         131   1.21449844021871     
         130         131   1.25339780804700     
         131         132   1.28570585783147     
         129         133   1.33020247248488     
         132         134   1.33688195138751     
         133         134   1.49684736204242     
         104         135   1.13850879179043     
         135         136   1.37631600320270     
         136         137   1.39244900657309     
         137         138   1.49727535443856     
         108         139   1.23106538218971     
         135         140   1.27266016818172     
         139         140   1.23899380261126     
         138         141   1.27610489053116     
         140         141   1.21772735629197     
         141         142   1.32961246268076     
         112         143   1.23724111040544     
         139         144   1.28611618401438     
         143         144   1.26595383986581     
         142         145   1.33329929987122     
         144         145   1.17644917673164     
         145         146   1.31948853777741     
         116         147   1.22080372594743     
         143         148   1.25482595875858     
         147         148   1.28381086073563     
         146         149   1.33374874358004     
         148         149   1.18414754759791     
         149         150   1.30889855651784     
         120         151   1.22027766447969     
         147         152   1.25316980656627     
         151         152   1.26355000873527     
         150         153   1.36994640174378     
         152         153   1.20613701496019     
         153         154   1.23973197602144     
         124         155   1.26969952642316     
         151         156   1.26286564745269     
         155         156   1.23273104312861     
         154         157   1.51563264079311     
         156         157   1.22034610239756     
         128         158   1.22944693992967     
         155         159   1.22851683836354     
         158         159   1.28045976802557     
         159         160   1.21900819787772     
         160         161   1.51857557561033     
         132         162   1.13753994425820     
         158         163   1.23368616829284     
         162         163   1.26437011375800     
         161         164   1.24795447120508     
         163         164   1.24905988573570     
         164         165   1.31247182567664     
         162         166   1.38548257483489     
         165         167   1.47836679143407     
         166         167   1.40787667974788     
           1         168  0.966591227341960     
           2         169  0.969076636232397     
           3         170  0.960112824396226     
           8         171  0.963366122918299     
          12         172  0.965772350777354     
          16         173  0.963803964795098     
          23         174  0.963847066562835     
          27         175  0.968546499531269     
          34         176  0.959769740063751     
          35         177  0.958873635838289     
          68         178  0.943220959691821     
         102         179  0.962557048615382     
         103         180  0.960268792532065     
         136         181  0.962305832482464     
         137         182  0.970138709907265     
         138         183  0.968758957500931     
         142         184  0.966331222741762     
         146         185  0.966448381564577     
         150         186  0.966200777936251     
         154         187  0.963940802838192     
         161         188  0.963796875288542     
         165         189  0.968527630469473     
         167         190  0.970230562871927     
          31         191  0.970252842578480     
          32         192  0.961550641246217     
          65         193  0.960377846224411     
          66         194  0.960512931009999     
          99         195  0.960541381906357     
         100         196  0.959940740204615     
         133         197  0.959893270160498     
         134         198  0.959924958391962     
         166         199  0.961156517862863     
           5         200   1.06267647190355     
           9         200   1.05188536893427     
          20         201   1.05304268700137     
          24         201   1.05065810506035     
         157         202   1.05146458698696     
         160         202   1.04983183391906     
