   -0.04764281
   -0.05015574
   -0.00357395
   -0.11967626
    0.00796968
    0.05047783
   -0.04406556
   -0.02707530
   -0.05946134
   -0.02227366
   -0.00690484
   -0.08152668
   -0.01338884
    0.04590281
   -0.01406978
   -0.09156470
    0.01797217
    0.02894022
   -0.01533190
   -0.02065742
    0.04965112
   -0.02968863
   -0.01818497
    0.06014920
   -0.01075896
    0.01035136
    0.01053828
    0.04838486
    0.06021048
   -0.00289676
   -0.01399843
    0.05245959
   -0.00987614
   -0.00842920
   -0.01396543
   -0.00126523
   -0.07659081
   -0.01209751
   -0.11857249
   -0.00926365
   -0.01334070
   -0.09036090
   -0.00437207
    0.05689617
   -0.04283710
   -0.00672700
   -0.08157107
   -0.01970139
   -0.02372115
    0.00390567
   -0.02450534
   -0.00782957
   -0.02698913
   -0.00527103
    0.06127049
   -0.01080967
   -0.06980165
   -0.01805819
   -0.01618748
   -0.01181753
   -0.01737345
   -0.00270214
   -0.00868259
   -0.03569262
   -0.01109478
   -0.08239645
    0.04619813
    0.00955190
   -0.00212797
   -0.01804566
   -0.00319285
   -0.00896361
    0.05560334
   -0.10351917
   -0.00425250
    0.04405037
    0.03566251
    0.00041698
   -0.09654042
   -0.02827491
   -0.00821135
   -0.00719609
    0.01862545
    0.04151527
    0.04312610
    0.03096573
   -0.05213441
   -0.00958004
   -0.01010656
   -0.00630351
   -0.07094380
   -0.00575475
    0.02450066
   -0.01089954
    0.04294608
   -0.01555844
   -0.00759479
   -0.05384721
   -0.01126157
   -0.00548676
    0.00181937
    0.02148259
    0.16552673
    0.17497461
    0.02118345
    0.01002205
    0.02894331
    0.01327780
    0.03507659
    0.03897997
    0.03244985
    0.16259132
    0.01643826
    0.00666100
    0.02989080
    0.03475755
    0.16972664
    0.02238340
    0.02753512
    0.02840402
    0.16414712
    0.01553904
    0.00399489
    0.01561739
    0.03423350
    0.01953704
   -0.12707123
   -0.13520199
    0.16035995
    0.16206654
   -0.10246592
   -0.09652732
