           1           7   1.57503703570352     
           3           7   1.25033089120341     
           1           8   1.25009800220628     
           2           9   1.59683320034859     
           5           9   1.21799562636985     
           2          10   1.19572342862990     
           3          10   1.23854930652495     
           6          10   1.27864392255960     
           3          11   1.25343083545894     
           4          17   1.19075002784477     
          12          17   1.62165937506369     
           4          18   1.08164396910919     
           5          18   1.40140523933376     
          13          18   1.18802851102271     
           5          19   1.03829502386829     
           6          19   1.12452540527759     
          14          19   1.13336122421871     
           6          20   1.29334123438431     
          12          21   1.17121020055238     
          13          21   1.37804387034678     
          13          22   1.15986043411767     
          14          22   1.31144994017415     
          15          22   1.20578534774337     
          14          23   1.26306848377249     
          15          24   1.23966895783967     
          16          24   1.39189350125399     
          15          25   1.27064486047731     
          16          26   1.31815612664537     
           8          28   1.27261304413531     
           8          30   1.21061109957975     
          11          30   1.25157168057891     
          11          33   1.23911352436375     
          20          33   1.21458760793228     
          27          37   1.53672639010484     
          29          37   1.25763424526167     
          28          38   1.27448354112868     
          29          38   1.24062357384242     
          31          38   1.21104081203844     
          29          39   1.18077443962770     
          32          39   1.10496913383435     
          30          40   1.26858033880989     
          31          40   1.26365481139357     
          34          40   1.21040533189636     
          31          41   1.23011610648999     
          32          41   1.22762831271509     
          35          41   1.26029690355905     
          32          42   1.43558925598957     
          36          42   1.27244314665079     
          20          43   1.20851538764407     
          23          43   1.23929840812433     
          23          52   1.21499000182076     
          25          52   1.25214079563034     
          25          59   1.21894387292323     
          26          59   1.21841110157584     
          26          66   1.25262197040792     
          33          72   1.27595491401319     
          34          72   1.22704156327810     
          46          72   1.23207308176112     
          47          73   1.20728361142895     
          66          73   1.44663070116501     
          68          73   1.11450888387087     
          67          74   1.14643837107114     
          69          74   1.17967439155257     
          34          75   1.30044494892786     
          35          75   1.21406267249541     
          48          75   1.21214913612102     
          49          76   1.27059855067011     
          68          76   1.14185335562140     
          70          76   1.27562249356196     
          35          77   1.25932535359449     
          36          77   1.29049175116648     
          50          77   1.12522550819436     
          51          78   1.24261486747034     
          70          78   1.25075720721802     
          71          78   1.25189814308175     
          36          79   1.22103211639562     
          44          79   1.45645887595577     
          45          80   1.24226201601308     
          67          80   1.27124120981665     
          71          80   1.21348587655605     
          43          81   1.28221098273744     
          46          81   1.23225628849422     
          54          81   1.22395166439454     
          46          82   1.26942063845578     
          48          82   1.21407812882328     
          56          82   1.25459285572377     
          47          83   1.51339907249672     
          49          83   1.14711065254843     
          57          83   1.15753679608158     
          48          84   1.29665512114155     
          50          84   1.11173129910771     
          58          84   1.26627310677537     
          49          85   1.29150811499749     
          51          85   1.27698956838969     
          44          86   1.19703702982417     
          50          86   1.11745392947103     
          53          86   1.33712598571183     
          45          87   1.59147956109312     
          51          87   1.22284193795668     
          52          88   1.27443300719494     
          54          88   1.22949962530462     
          61          88   1.22664689111886     
          53          89   1.16275855193187     
          55          89   1.27040793198712     
          62          89   1.30120644333639     
          54          90   1.28697754469260     
          56          90   1.23600728660155     
          63          90   1.20986129734773     
          55          91   1.38703435458814     
          64          91   1.38950334379082     
          56          92   1.24695278165624     
          58          92   1.26311020925417     
          65          92   1.22797382253564     
          57          93   1.64101587370398     
          53          94   1.18596762279807     
          58          94   1.18871800262713     
          60          94   1.36070845322414     
          59          95   1.28860103773042     
          61          95   1.27930650488319     
          68          95   1.11291382073053     
          60          96   1.14190552664008     
          62          96   1.12230417537541     
          69          96   1.50993011967096     
          61          97   1.21906514940690     
          63          97   1.29602879046266     
          70          97   1.20901661728512     
          62          98   1.33676890650365     
          64          98   1.47637038745308     
          63          99   1.23263698017739     
          65          99   1.22923290184755     
          71          99   1.27534533276647     
          60         100   1.20185806336069     
          65         100   1.27024167513056     
          67         100   1.26887185808798     
           1         101  0.959308320567126     
           2         102  0.961234847053904     
           4         103  0.933852540876272     
           7         105  0.961150970857911     
           9         106  0.956729501258079     
          12         107  0.967908449151935     
          16         108  0.966374486015075     
          17         109  0.966566862991428     
          27         110  0.967636413367603     
          37         111  0.966959374605362     
          39         112  0.940102086742928     
          42         113  0.966601604557875     
          45         114  0.958691705367261     
          47         115  0.965975223084911     
          57         116  0.967918125507061     
          64         118  0.971578094925658     
          66         119  0.966150465884309     
          69         120  0.961179224379361     
          74         121  0.933346531069762     
          79         122  0.966363468169142     
          87         123  0.958247163053405     
          91         124  0.968445682616218     
          93         125  0.965590601118104     
          98         126  0.965482463228400     
          21         127   1.13502705107486     
          24         127   1.12959525789750     
          44         128   1.13248344309237     
          55         128   1.12633117889171     
         127         129  0.941733777876608     
         128         130  0.940114481253918     
          85         131   1.11534395942834     
          93         131   1.20917484565411     
         117         131  0.931039838417912     
          27         132   1.20565685018055     
          28         132   1.13074114369058     
         104         132  0.930375460326385     
