   -0.03257261
   -0.03772234
    0.00576717
   -0.04607306
    0.00324607
    0.00176333
   -0.03656315
   -0.01216210
   -0.03635411
    0.00429111
    0.00337098
   -0.05993304
   -0.01581509
   -0.00558808
   -0.01721267
   -0.07293936
   -0.03015968
    0.00511174
    0.00240500
   -0.00047386
    0.13974698
    0.00607745
    0.00037445
    0.13617401
   -0.00079818
    0.01302759
    0.09660435
    0.12762703
    0.01694375
    0.00074416
   -0.00193184
    0.01340844
   -0.00123110
    0.00121485
    0.00197512
    0.01302759
   -0.06412608
   -0.01396347
   -0.05840983
   -0.00811482
    0.00016295
   -0.05213361
   -0.00080781
    0.13617401
   -0.03656315
   -0.00002630
   -0.05840983
   -0.00023882
   -0.01396347
   -0.00079818
   -0.01216209
   -0.00031345
    0.00607745
   -0.00220173
    0.13974698
    0.00004114
   -0.06412608
    0.00037445
   -0.00762191
    0.00240500
   -0.00030038
    0.00511174
   -0.00107653
   -0.03015968
   -0.00047386
   -0.05213361
    0.00429111
    0.00016295
   -0.03635411
   -0.00811482
    0.00337097
   -0.00107653
    0.01340844
   -0.03772234
   -0.00030038
   -0.00193184
   -0.00762191
    0.00074416
   -0.07293936
    0.00576717
    0.00004114
   -0.00220173
    0.01694375
   -0.00031345
    0.12762703
   -0.01721268
   -0.03257261
   -0.00023882
   -0.01581509
   -0.00002630
   -0.05993304
   -0.00080781
    0.09660435
   -0.00558808
    0.00197512
    0.00324607
    0.00121485
   -0.04607306
   -0.00123110
    0.00176333
    0.04236952
    0.03313954
    0.03690891
    0.03574084
    0.03322020
    0.04722659
    0.04488695
    0.03813781
    0.05282256
    0.04560884
    0.02948641
    0.03128110
    0.03574084
    0.02948641
    0.04560884
    0.03813781
    0.03128110
    0.03322020
    0.03313954
    0.04488695
    0.04236952
    0.04722659
    0.05282256
    0.03690891
   -0.23086614
   -0.20317579
   -0.23086614
   -0.20317580
