           1           7   1.56961511924636     
           3           7   1.27275407399475     
           1           8   1.26205204526810     
           2           9   1.53397386564051     
           5           9   1.30424401369488     
           2          10   1.29836373780864     
           3          10   1.18190660874632     
           6          10   1.28158660696607     
           3          11   1.29695671003443     
           4          17   1.48426220316279     
          12          17   1.39187205020651     
           4          18   1.33641195810648     
           5          18   1.15331744073532     
          13          18   1.28553435989301     
           5          19   1.30067302957737     
           6          19   1.25051440977444     
          14          19   1.20372986198962     
           6          20   1.22082282454637     
          12          21   1.40638378367342     
          13          21   1.27129759545814     
          13          22   1.18591228438271     
          14          22   1.30506972258322     
          15          22   1.24563691398491     
          14          23   1.23543167510866     
          15          24   1.20531328357508     
          16          24   1.48985787298843     
          15          25   1.27562721651337     
          16          26   1.25021913927740     
           8          28   1.23887427714021     
           8          30   1.25399422175127     
          11          30   1.24257207959817     
          11          33   1.21538595590664     
          20          33   1.28241000096368     
          27          37   1.71896492461635     
          29          37   1.13085611381980     
          28          38   1.36296693356765     
          29          38   1.14995989255043     
          31          38   1.22785921644346     
          29          39   1.53765388246415     
          32          39   1.21527845714150     
          30          40   1.25332822969768     
          31          40   1.26432522689732     
          34          40   1.22886290229159     
          31          41   1.25650858488472     
          32          41   1.20603770280469     
          35          41   1.27352923004334     
          32          42   1.39312796859458     
          36          42   1.33106325284049     
          20          43   1.23883722277576     
          23          43   1.23703013540697     
          23          52   1.27314098211055     
          25          52   1.23071588286511     
          25          59   1.24834200026054     
          26          59   1.22841121251766     
          26          66   1.33106324851433     
          33          72   1.24531983788529     
          34          72   1.23861601275624     
          46          72   1.26068441864748     
          47          73   1.21527845606166     
          66          73   1.39312797339923     
          68          73   1.20603770090974     
          67          74   1.29836373824110     
          69          74   1.53397386085657     
          34          75   1.27884355786310     
          35          75   1.22199200881139     
          48          75   1.24190297919674     
          49          76   1.22785921780449     
          68          76   1.25650858301246     
          70          76   1.26432523294877     
          35          77   1.26079059893791     
          36          77   1.22841121427906     
          50          77   1.24834200334578     
          51          78   1.25399421702729     
          70          78   1.25332822766918     
          71          78   1.24257208420336     
          36          79   1.25021913260229     
          44          79   1.48985787575676     
          45          80   1.27275407213423     
          67          80   1.18190659586532     
          71          80   1.29695671485381     
          43          81   1.26804361323604     
          46          81   1.24312576321453     
          54          81   1.23537672117944     
          46          82   1.24333196463123     
          48          82   1.26478301990190     
          56          82   1.23537672625732     
          47          83   1.53765388499015     
          49          83   1.14995989426262     
          57          83   1.13085610813354     
          48          84   1.24030891736326     
          50          84   1.23071588340009     
          58          84   1.27314098488958     
          49          85   1.36296692663832     
          51          85   1.23887428668185     
          44          86   1.20531328626922     
          50          86   1.27562721188637     
          53          86   1.24563691264474     
          45          87   1.56961512230000     
          51          87   1.26205203641408     
          52          88   1.24030891287945     
          54          88   1.26478302733658     
          61          88   1.24190298027084     
          53          89   1.18591228207401     
          55          89   1.27129760490391     
          62          89   1.28553435335159     
          54          90   1.24333196219581     
          56          90   1.24312576091295     
          63          90   1.26068442192529     
          55          91   1.40638378138409     
          64          91   1.39187204842534     
          56          92   1.26804361201860     
          58          92   1.23703013277778     
          65          92   1.23883722783578     
          57          93   1.71896493289359     
          53          94   1.30506972856592     
          58          94   1.23543167227262     
          60          94   1.20372985352209     
          59          95   1.26079060180066     
          61          95   1.22199200751803     
          68          95   1.27352922920925     
          60          96   1.30067303176267     
          62          96   1.15331744232226     
          69          96   1.30424401086420     
          61          97   1.27884356140923     
          63          97   1.23861601044339     
          70          97   1.22886289613419     
          62          98   1.33641195916921     
          64          98   1.48426220615863     
          63          99   1.24531984205519     
          65          99   1.28241000168552     
          71          99   1.21538594605157     
          60         100   1.25051441413977     
          65         100   1.22082281619760     
          67         100   1.28158661385808     
           1         101  0.967296594703353     
           2         102  0.960799262112509     
           4         103  0.962855433161230     
           7         104  0.960509846568119     
           9         105  0.962283686742791     
          12         106  0.968176420100950     
          16         107  0.965924518022681     
          17         108  0.970512883184839     
          27         109  0.959089898422795     
          37         110  0.966212950572072     
          39         111  0.966521599031060     
          42         112  0.966797657332660     
          45         113  0.960509864306814     
          47         114  0.966521598293221     
          57         115  0.966212950557908     
          64         116  0.970512882770983     
          66         117  0.966797656115189     
          69         118  0.962283689295967     
          74         119  0.960799280832091     
          79         120  0.965924518335552     
          87         121  0.967296594327601     
          91         122  0.968176419916266     
          93         123  0.959089899064500     
          98         124  0.962855434813184     
          21         125   1.05439297270689     
          24         125   1.04376569495486     
          27         126   1.09143498385199     
          28         126   1.04805457871172     
          44         127   1.04376569497754     
          55         127   1.05439296812266     
          85         128   1.04805458064583     
          93         128   1.09143497708876     
