   -0.03931931
   -0.03832254
   -0.03693695
   -0.02913016
    0.00646856
    0.01294264
    0.00136754
   -0.03819932
   -0.03699088
    0.00793147
    0.03909534
   -0.00021712
    0.00416734
    0.00520632
    0.00167398
   -0.00133819
   -0.04325295
    0.01114729
   -0.04285564
   -0.00137625
    0.01253460
   -0.00045642
   -0.00090450
    0.00071074
   -0.05527346
    0.00584114
    0.00020171
   -0.02989071
   -0.00201919
    0.00128403
   -0.04475382
    0.04372797
   -0.03825323
    0.00347641
    0.00178943
    0.00559053
    0.00171518
    0.00443680
    0.04719202
   -0.05979929
    0.00659007
   -0.03757234
    0.00147718
   -0.00149057
    0.00038088
   -0.02895677
   -0.04951584
    0.00005076
   -0.03765879
    0.00039572
    0.00071243
   -0.00004161
    0.03322924
    0.03512048
    0.04207289
    0.03853095
    0.03995977
    0.02940730
    0.03180191
    0.03520433
    0.03676345
    0.03276060
    0.03465741
    0.03071976
    0.05048110
    0.03311619
    0.04600883
    0.03736777
    0.03192212
    0.03133213
   -0.07182060
   -0.11221787
