           1           4   1.41867763261559     
           2           4   1.46714175109304     
           1           5   1.37608112868101     
           2           6   1.32314069278141     
           3           8   1.53646518758314     
           3          14   1.30227720007951     
           5          14   1.14579575588528     
           5          20   1.26385334775455     
           6          20   1.24865173106998     
           6          25   1.23784415103681     
           7          31   1.71542276192274     
          10          31   1.15925873758291     
          25          32   1.53388590221044     
          27          32   1.20399394334974     
          26          33   1.39103980206021     
          28          33   1.39654435924661     
          12          34   1.16472252381947     
          27          34   1.26980010525706     
          29          34   1.29432217409835     
          13          35   1.29399663116653     
          29          35   1.20368269494257     
          30          35   1.25577000993227     
           9          36   1.33524110895184     
          26          36   1.13401966061333     
          30          36   1.29323504128551     
           8          37   1.29233757283947     
          10          37   1.20793501694890     
          15          37   1.26060322987964     
          10          38   1.35917042377911     
          11          38   1.17820708144672     
          16          38   1.20733481508034     
          12          39   1.30059662446561     
          17          39   1.41573078102816     
          11          40   1.57455595480865     
          18          40   1.20139050368991     
          12          41   1.28370490265460     
          13          41   1.14264696967127     
          19          41   1.34610352705418     
           9          42   1.50069843536615     
          13          42   1.32913524978342     
          14          43   1.30801297721810     
          15          43   1.24528925749207     
          22          43   1.19997890837360     
          15          44   1.24580865983958     
          16          44   1.25547189307274     
          23          44   1.24107468104874     
          16          45   1.27771916767257     
          18          45   1.18742912075396     
          24          45   1.27579195509052     
          17          46   1.40348594335962     
          19          46   1.47147658673580     
          18          47   1.42840669386826     
          21          47   1.28709941571461     
          20          48   1.23458046735721     
          22          48   1.24500427221410     
          27          48   1.26288659191756     
          21          49   1.29783311851011     
          28          49   1.49098285170105     
          22          50   1.29726901419308     
          23          50   1.20205266071517     
          29          50   1.24660061503405     
          23          51   1.30166512256294     
          24          51   1.23180663543474     
          30          51   1.20600485438610     
          21          52   1.23315460659452     
          24          52   1.24481709531341     
          26          52   1.26359967493925     
           2          53  0.968596082508380     
           9          54  0.960006596906966     
          17          55  0.966555260210334     
          19          56  0.958358069922971     
          25          57  0.963548977940842     
          28          58  0.970377403716789     
          33          59  0.961558458349387     
          42          60  0.958068801981012     
          46          61  0.969156461053455     
           1          62  0.961098700259794     
           3          63  0.959723667560440     
           4          64  0.970299821761999     
           7          65  0.962689609379707     
           8          66  0.960115827605512     
          31          67  0.948698910473875     
          40          68  0.964127655007620     
          47          69  0.965908876894379     
          49          70  0.968705422245868     
           7          71   1.12808937461425     
          11          71   1.03268907972700     
          32          72   1.04981550204267     
          39          72   1.06041651059527     
