   -0.03430702
   -0.02931754
   -0.03661014
    0.00633872
    0.00626584
    0.00345281
    0.00189751
   -0.04076478
    0.00338554
    0.00489440
    0.00135705
   -0.04073211
    0.01271304
    0.00201296
    0.00282751
   -0.04200384
    0.01205926
    0.00182257
    0.00038472
    0.00427915
    0.00248392
   -0.04119755
   -0.00253936
    0.00102401
    0.00126689
   -0.03683408
    0.01188291
    0.00295316
    0.00635204
   -0.02872176
   -0.03796624
    0.00536793
   -0.03600127
   -0.02948512
    0.00269858
    0.00281713
    0.00465633
    0.00318144
   -0.00048470
    0.00282246
    0.00306902
    0.00020251
    0.00292245
    0.00026791
    0.00123365
    0.00022383
    0.00212101
    0.00164696
    0.00131613
    0.00036861
   -0.00220643
    0.00028765
    0.00087714
   -0.00079201
   -0.00092623
    0.00088807
   -0.00246829
    0.00196382
    0.00240801
    0.00367877
    0.00482221
    0.00747297
   -0.03494062
   -0.03983068
    0.00677190
   -0.03609195
   -0.03582969
    0.00682366
    0.00269803
    0.00215435
    0.00247239
    0.00279961
   -0.00164195
    0.00093621
    0.00068713
   -0.00181644
    0.00030501
    0.00068226
    0.00022064
    0.00037906
   -0.00073041
    0.00056678
   -0.00031289
    0.00072280
   -0.00031154
    0.00098418
    0.00046191
    0.00212173
    0.00091597
    0.00221086
    0.00269722
    0.00234018
   -0.00261909
    0.00719215
    0.00777883
   -0.02853160
   -0.03735829
    0.00378594
   -0.02948849
   -0.03609412
    0.00620688
    0.00202983
    0.00404711
    0.00403719
    0.00016039
    0.00331708
    0.00183805
    0.00064171
    0.00020984
    0.00103611
    0.00030161
    0.00068081
    0.00064606
    0.00033133
    0.00022466
    0.00071272
    0.00199299
    0.00023539
    0.00021433
    0.00027237
   -0.00164144
    0.00116046
   -0.00399154
    0.00103384
   -0.01407707
    0.00718674
   -0.00169305
    0.01315483
   -0.03743558
    0.00684006
   -0.03597404
   -0.02870285
   -0.03628384
    0.00057150
    0.00069044
    0.01274315
   -0.04120540
    0.00247998
    0.00460196
    0.00371999
    0.00145963
    0.00362553
    0.00411072
   -0.04066842
    0.00046647
    0.00007844
    0.01059195
   -0.03771836
    0.00139140
    0.00414285
    0.00493238
   -0.00001557
    0.00457550
    0.00379386
   -0.03826679
    0.00495172
    0.00308585
    0.01092000
   -0.03489089
   -0.03570128
   -0.02854286
    0.03655989
    0.03422399
    0.03713524
    0.05027421
    0.03661922
    0.03637769
    0.04160435
    0.04176358
    0.03405806
    0.03604740
    0.03466528
    0.03375689
    0.03367588
    0.03408653
    0.03553367
    0.03495908
    0.03239200
    0.03375583
    0.03723932
    0.05171202
    0.03863596
    0.04313467
    0.04535145
    0.04373945
    0.03553551
    0.03356021
    0.03145023
    0.03364525
    0.03799430
    0.03459195
    0.04034838
    0.06443078
    0.04935042
    0.04330013
    0.03537943
   -0.13296823
   -0.11178937
   -0.04089046
   -0.04355841
    0.02809106
   -0.04547145
   -0.08033193
   -0.08439587
   -0.04693149
