           1           2   1.38118879914554     
           2           3   1.48995473211879     
           3           4   1.33107370371091     
           1           5   1.44478751168850     
           4           6   1.27774771091325     
           5           6   1.28800335164902     
           6           7   1.17149434492507     
           8           9   1.54336472632873     
           7          10   1.25476639705351     
           9          10   1.18533466813684     
          10          11   1.27695306450931     
           8          13   1.24040215298093     
          12          13   1.40166125705947     
          11          14   1.22876217003059     
          13          14   1.13794760739341     
          14          15   1.36046362730244     
          12          17   1.28730173540090     
          16          17   1.46281502591739     
          16          19   1.24643822268241     
          18          20   1.35925340006758     
          19          20   1.14438401791996     
          20          21   1.22218611283107     
          22          23   1.46831286565742     
          21          24   1.24557495487818     
          23          24   1.20022578261807     
          24          25   1.28253030424718     
          22          27   1.27258844826501     
          26          27   1.30000463999855     
          25          28   1.23406449096414     
          27          28   1.24149864893969     
          28          29   1.26211991329668     
          26          30   1.48281097260394     
          29          31   1.37844939399804     
          30          31   1.40503127932348     
           4          32   1.15584179686083     
          32          33   1.17317162038461     
          33          34   1.60369063435061     
          34          35   1.23099273557685     
           7          36   1.28504175509129     
          32          37   1.42065549063710     
          36          37   1.21403933773562     
          11          39   1.22886567775886     
          36          40   1.22918691337063     
          39          40   1.29520395648560     
          38          41   1.29895325721435     
          40          41   1.17778937067161     
          41          42   1.25296226821893     
          15          43   1.26229623975129     
          39          44   1.22446589344146     
          43          44   1.26073049846046     
          42          45   1.22790199169534     
          44          45   1.24679790694641     
          45          46   1.26531744560170     
          18          47   1.27206160257717     
          43          48   1.20408503242265     
          47          48   1.19008559784217     
          46          49   1.22362003426015     
          48          49   1.30911402195158     
          49          50   1.21866942850646     
          21          51   1.26579488775961     
          47          52   1.26249891960939     
          51          52   1.24672865703066     
          50          53   1.27374673315013     
          52          53   1.22913161757995     
          53          54   1.23660556471227     
          25          55   1.23061545732102     
          51          56   1.23037425768653     
          55          56   1.29788859712298     
          54          57   1.25084979249775     
          56          57   1.21730075174417     
          57          58   1.26360881415625     
          29          59   1.14563051096189     
          55          60   1.20120799953050     
          59          60   1.26598340282662     
          58          61   1.18570650395207     
          60          61   1.28936774141359     
          61          62   1.22944976813762     
          59          63   1.32997460330207     
          62          64   1.30856488030301     
          63          64   1.50290947459980     
          35          65   1.36675440530768     
          65          66   1.21935798154439     
          66          67   1.60966436353867     
          67          68   1.22237702089426     
          38          69   1.31981440819880     
          65          70   1.14965196990665     
          69          70   1.15310839107932     
          68          71   1.14929352538771     
          70          71   1.42359463821636     
          71          72   1.15506861608322     
          42          73   1.25769580770345     
          69          74   1.25691229301854     
          73          74   1.25530068104379     
          72          75   1.25891514184620     
          74          75   1.22329624849748     
          75          76   1.25396939219828     
          46          77   1.24574564666402     
          73          78   1.23182807605294     
          77          78   1.25659763770350     
          76          79   1.23132369472515     
          78          79   1.25408264484424     
          79          80   1.25588677469755     
          50          81   1.24629879886771     
          77          82   1.24040317950412     
          81          82   1.24169886509568     
          80          83   1.25057578617040     
          82          83   1.26063020014600     
          83          84   1.23232763713430     
          54          85   1.25592157103536     
          81          86   1.25226513780660     
          85          86   1.24544927173299     
          84          87   1.26923637940177     
          86          87   1.24525838843295     
          87          88   1.22135956247218     
          58          89   1.28104193424441     
          85          90   1.23634441668267     
          89          90   1.29176325225814     
          88          91   1.29832001447887     
          90          91   1.20182590496598     
          91          92   1.19404030401367     
          62          93   1.20386199295957     
          92          94   1.30231151225304     
          94          95   1.26235736060533     
          93          96   1.30384551977313     
          95          97   1.18986056638696     
          96          97   1.52646897013101     
          68          98   1.35819749036130     
          98          99   1.24975070187612     
          99         100   1.57681527674704     
         100         101   1.19468127832838     
          72         102   1.31620940196428     
         101         103   1.39488183009804     
         103         104   1.24050329460552     
          76         105   1.25926934400519     
         102         106   1.30094132368796     
         105         106   1.25773820421634     
         104         107   1.25728559484825     
         106         107   1.17022668425702     
         107         108   1.27611912943775     
          80         109   1.23640528202794     
         105         110   1.22128784683467     
         109         110   1.26211204768080     
         108         111   1.20523448023748     
         110         111   1.25731278739998     
         111         112   1.27315924530731     
          84         113   1.24330856897133     
         109         114   1.24322727651973     
         113         114   1.24658218334822     
         112         115   1.25188150426468     
         114         115   1.25679409640609     
         115         116   1.23149897784624     
          88         117   1.23185798923227     
         113         118   1.24751726133823     
         117         118   1.26312985240310     
         116         119   1.27431494314613     
         118         119   1.23385492620226     
         119         120   1.23415739581984     
          92         121   1.24343760519579     
         117         122   1.23594352578161     
         121         122   1.25689825254732     
         120         123   1.23426518167853     
         122         123   1.25145465462877     
         123         124   1.24585225997552     
          95         125   1.31138212367826     
         121         126   1.22048232759976     
         125         126   1.29770790470145     
         124         127   1.32150659568607     
         126         127   1.23337568638637     
         127         128   1.13522606511236     
         128         129   1.59875034675985     
         101         130   1.15070015717652     
         130         131   1.37112149610216     
         131         132   1.42254378997406     
         132         133   1.46222682839562     
         104         134   1.22857074560758     
         130         135   1.25523290573711     
         134         135   1.24157381116557     
         133         136   1.32737015245985     
         135         136   1.24978684510027     
         136         137   1.23392352767695     
         108         138   1.26879028766400     
         134         139   1.26809883265922     
         138         139   1.25350394013427     
         137         140   1.55027907150935     
         139         140   1.20191527204639     
         112         141   1.21646682695688     
         138         142   1.19228274552435     
         141         142   1.28174467164154     
         142         143   1.24708582374322     
         143         144   1.48579915020476     
         116         145   1.23614574371339     
         141         146   1.24902632316890     
         145         146   1.24018571195151     
         144         147   1.28918377363419     
         146         147   1.25332947799832     
         147         148   1.25226093226714     
         120         149   1.27930455656339     
         145         150   1.26870682172603     
         149         150   1.23737226553849     
         148         151   1.53315104133698     
         150         151   1.22037258257163     
         124         152   1.17799617724377     
         149         153   1.19823758396566     
         152         153   1.33230166371642     
         153         154   1.20020222034570     
         154         155   1.55643822922285     
         128         156   1.08308443726637     
         152         157   1.22506741702215     
         156         157   1.26692622236296     
         155         158   1.23818088579343     
         157         158   1.25538312346320     
         158         159   1.30961496926997     
         156         160   1.42576024114179     
         159         161   1.49787891805195     
         160         161   1.38179399611602     
           1         162  0.961669502913931     
           2         163  0.968960693152628     
           3         164  0.961055826115572     
           8         166  0.956889106443385     
          12         167  0.957723700214967     
          16         168  0.949131924868199     
          22         169  0.958117228519003     
          26         170  0.968499078715443     
          33         171  0.961578851389595     
          34         172  0.953389362127978     
          66         173  0.960330254566184     
          67         174  0.960001777778078     
          99         175  0.953787015000102     
         100         176  0.960468452469252     
         131         177  0.961017845620424     
         132         178  0.970040329438127     
         133         179  0.968393495988467     
         137         180  0.957180839299799     
         144         182  0.957929270820308     
         148         183  0.957565212285562     
         155         185  0.957880177006112     
         159         186  0.968360714775291     
         161         187  0.970152451457972     
          30         188  0.970074130672502     
          31         189  0.961700299372749     
          63         190  0.959338931627039     
          64         191  0.963213670021244     
          96         192  0.955648118024487     
          97         193  0.932723174044061     
         129         195  0.943849962638201     
         160         196  0.964446609081781     
         125         197   1.04439739427948     
         129         197   1.12531890642980     
         194         197  0.903435489657935     
         151         198   1.03253031401710     
         154         198   1.03612110221062     
         184         198  0.932340151354222     
          19         199   1.44464041439883     
          23         199   1.14851627324077     
          15         200   1.04459078477352     
          17         200   1.01288779263215     
          18         200   1.03740533010793     
          89         201   1.06944905177298     
          93         201   1.08290745817934     
          94         201   1.07697240372040     
          35         202   1.04351877061649     
          37         202   1.03060370282401     
          38         202   1.03857382985247     
           5         203   1.03887316365035     
           9         203   1.03803164349750     
         165         203  0.939793317881851     
         140         204   1.03593898352838     
         143         204   1.04045457911162     
         181         204  0.938719205324482     
          98         205   1.03881339264931     
         102         205   1.04435688094842     
         103         205   1.03017137397304     
