   -0.04372669
   -0.04403860
   -0.03841337
   -0.03143304
    0.00492037
    0.01273334
    0.02494463
   -0.03840039
   -0.03842110
    0.01110199
   -0.12389631
    0.05876422
   -0.00987046
    0.00165018
    0.00385226
    0.00046131
   -0.00248979
   -0.06672962
    0.01117237
   -0.04949727
   -0.00526714
    0.01072362
   -0.00395458
   -0.00179536
   -0.00037854
   -0.08390899
    0.00416807
   -0.00710872
   -0.03181716
   -0.00586371
    0.00028933
   -0.06455606
    0.06353885
   -0.04206714
    0.00290832
    0.00064226
    0.00460665
   -0.00135027
   -0.00240658
    0.06745305
   -0.09153912
    0.00601292
   -0.03760089
    0.00095614
   -0.00487932
   -0.00161755
   -0.02950751
   -0.05938981
   -0.00104283
   -0.04120404
   -0.00056805
   -0.00153035
   -0.00332254
    0.02410965
    0.03174137
    0.02184147
    0.03173301
    0.01836523
    0.02353904
    0.02659208
    0.03123739
    0.02992945
    0.02676372
    0.03114513
    0.02427158
    0.03777626
    0.02879189
    0.03959087
    0.01494742
    0.02163722
    0.02486046
   -0.10086914
    0.16712171
    0.16356718
