           1           4   1.41784822292773     
           2           4   1.46754172368014     
           1           5   1.37620942598466     
           2           6   1.32338504227244     
           3           8   1.53294041020066     
           3          15   1.30609503226954     
           5          15   1.14307732078984     
           5          21   1.26599717931423     
           6          21   1.24459659244999     
           6          26   1.24586296741411     
           7          32   1.63093939484134     
          10          32   1.18010682944186     
          11          33   1.13459411877074     
          26          33   1.48040269132654     
          28          33   1.17923284815425     
          27          34   1.39246372915241     
          29          34   1.39456900735641     
          13          35   1.18173775292060     
          28          35   1.27504605122096     
          30          35   1.28652141983308     
          14          36   1.28853194799446     
          30          36   1.20842585952682     
          31          36   1.25710723408657     
           9          37   1.33693920917436     
          27          37   1.13329681710367     
          31          37   1.29274318825382     
           8          38   1.29532309012231     
          10          38   1.20592629188208     
          16          38   1.26028275377699     
          10          39   1.35634842978938     
          12          39   1.15837011945551     
          17          39   1.22362770527574     
          11          40   1.15280806865025     
          13          40   1.25788721939601     
          18          40   1.37396297349105     
          12          41   1.51698108852730     
          19          41   1.21121371560211     
          13          42   1.29703835142652     
          14          42   1.14165163754129     
          20          42   1.34151247266801     
           9          43   1.49648987464847     
          14          43   1.33469969366748     
          15          44   1.30523450508650     
          16          44   1.24598246929095     
          23          44   1.20487943674485     
          16          45   1.24475510795006     
          17          45   1.25488642510126     
          24          45   1.24228796384336     
          17          46   1.27383703122509     
          19          46   1.18608181115573     
          25          46   1.27732948200756     
          18          47   1.41070253709133     
          20          47   1.46838470153018     
          19          48   1.42505487351464     
          22          48   1.28918371765572     
          21          49   1.23483881410037     
          23          49   1.24248072287848     
          28          49   1.27623377277977     
          22          50   1.29613918025391     
          29          50   1.49265257948975     
          23          51   1.29324837926531     
          24          51   1.20575426903438     
          30          51   1.24875852330460     
          24          52   1.29961466591165     
          25          52   1.23149684345174     
          31          52   1.20572012553822     
          22          53   1.23271709372841     
          25          53   1.24519088762502     
          27          53   1.26258717503712     
           2          54  0.969299834785177     
           9          55  0.960889474692275     
          18          56  0.967964435853527     
          20          57  0.962461835609486     
          26          58  0.965275841288451     
          29          59  0.970730691418983     
          34          60  0.962293603666258     
          43          61  0.961459325632502     
          47          62  0.971005768240158     
           1          63  0.962332613703045     
           3          64  0.960953904995401     
           4          65  0.970867746112715     
           7          66  0.965608488764923     
           8          67  0.961596820500476     
          32          68  0.960702479012295     
          41          69  0.964875158527707     
          48          70  0.966696402107250     
          50          71  0.969105053820013     
           7          72   1.21476789158030     
          12          72   1.11153170754463     
          72          73  0.941850024904131     
          11          74  0.938263897255310     
