   -0.03462234
   -0.02891427
   -0.03658400
    0.00641382
    0.00594616
    0.00379085
    0.00225467
   -0.04086801
    0.00332379
    0.00404625
    0.00105221
   -0.04290331
    0.01335524
    0.00372856
    0.00283796
   -0.03693807
    0.01505168
    0.00264644
    0.00791141
    0.00550341
    0.00325969
   -0.04069904
    0.00661301
    0.00188320
    0.00167964
   -0.03639048
    0.01276583
    0.00047702
    0.00994942
   -0.02666460
   -0.03433656
    0.00466166
   -0.03511705
   -0.02987641
    0.00296988
    0.00256596
    0.00487574
    0.00357168
    0.00030082
    0.00286736
    0.00318899
   -0.00102687
    0.00176171
    0.00163801
    0.00142228
    0.00271376
    0.00129386
    0.00243225
    0.00199531
    0.00298732
   -0.00243664
    0.00226297
    0.00147271
   -0.00244501
   -0.00005517
    0.00170212
   -0.00203192
    0.00448547
   -0.00583621
    0.00652785
   -0.00122968
    0.01479553
   -0.04298403
    0.00723752
   -0.03623651
   -0.03484563
    0.00657902
    0.00253326
    0.00241753
    0.00223472
    0.00379809
   -0.00091603
    0.00164192
    0.00023545
    0.00021965
    0.00211171
    0.00523126
   -0.00035484
    0.00384185
    0.00041782
    0.00065651
    0.00489535
   -0.00017530
    0.00445489
   -0.00002842
    0.00335049
    0.00109952
    0.00431669
   -0.00068966
    0.00242723
    0.00558337
    0.00107747
    0.00912615
   -0.02798636
   -0.03672668
    0.00429070
   -0.02928509
   -0.03496400
    0.00636373
    0.00184862
    0.00447500
    0.00397469
    0.00004029
    0.00399511
    0.00215002
    0.00040467
    0.00126938
    0.00268205
    0.00107703
    0.00148646
   -0.00100508
   -0.00086981
    0.00367696
    0.00447489
    0.00110943
    0.00145270
    0.00307694
    0.00170585
   -0.00230746
    0.00254471
    0.00051259
   -0.00007148
   -0.00629357
    0.00697706
    0.00279298
    0.01214661
   -0.03762225
    0.00690439
   -0.03554902
   -0.02858662
   -0.03590479
    0.00068700
    0.00115793
    0.01300763
   -0.04068716
    0.00285599
    0.00512901
    0.00379394
    0.00514703
    0.00341453
    0.00335569
   -0.04070648
    0.00215002
    0.01448280
   -0.04081191
    0.00602862
    0.00197056
    0.00894883
    0.00218979
    0.00212200
    0.00211311
   -0.04016178
    0.00530885
    0.00343420
    0.01163697
   -0.03505054
   -0.03632525
   -0.02858223
    0.03679271
    0.03463038
    0.03746939
    0.05168763
    0.03864546
    0.03717277
    0.04105481
    0.05239638
    0.03689364
    0.03336273
    0.03689065
    0.03592092
    0.03468968
    0.03429929
    0.03446511
    0.03596489
    0.03519766
    0.03290826
    0.03429247
    0.03818911
    0.05226569
    0.04068090
    0.03985404
    0.05415680
    0.03781700
    0.03505639
    0.03417422
    0.03439406
    0.05871024
    0.04633678
    0.03497997
    0.04114369
    0.05925804
    0.05539614
    0.04874487
    0.03476475
   -0.09184660
   -0.14132721
   -0.00604706
   -0.10819892
   -0.08405487
   -0.04052157
   -0.04634073
   -0.04462676
   -0.07729666
   -0.04703784
   -0.08389398
   -0.03760000
