           1           2   1.37273727128610     
           2           3   1.49770274989685     
           3           4   1.32357317360283     
           1           5   1.45362916116573     
           3           5  0.100103306318639     
           4           6   1.27003612549921     
           5           6   1.27476481922569     
           6           7   1.19214145773582     
           8           9   1.43372283882400     
           7          10   1.20029692832688     
           9          10   1.27290283632482     
          10          11   1.25087060099323     
           8          13   1.34611240970537     
          12          13   1.21269585339060     
          11          14   1.25834133306816     
          13          14   1.20227367833896     
          14          15   1.26500360268003     
          12          17   1.50990593686585     
          16          17   1.22982218936743     
          16          19   1.53221711512230     
          18          20   1.32946506533219     
          19          20   1.15461679173602     
          20          21   1.22185231295258     
          22          23   1.52968375494349     
          21          24   1.21748482907556     
          23          24   1.22027168904374     
          24          25   1.26356520866030     
          22          27   1.23876984491212     
          26          27   1.31933527721724     
          25          28   1.25228861854251     
          27          28   1.25132268357266     
          28          29   1.22861626585831     
          26          30   1.43591554549298     
          29          31   1.30843307572035     
          30          31   1.45296554236165     
           4          32   1.16872921343902     
          32          33   1.15657244393751     
          33          34   1.63216752159392     
          34          35   1.20556507060143     
           7          36   1.32005733219100     
          32          37   1.42476392083951     
          36          37   1.21548922262642     
          11          39   1.22610540806063     
          36          40   1.19334007845369     
          39          40   1.29031349548548     
          38          41   1.27651591570416     
          40          41   1.21515076712988     
          41          42   1.23576166680941     
          15          43   1.35640205242909     
          39          44   1.23151447087083     
          43          44   1.23540918255636     
          42          45   1.24917612820904     
          44          45   1.25973986341163     
          45          46   1.22307952925051     
          18          47   1.29413938412651     
          43          48   1.13761032180256     
          47          48   1.16225365150309     
          46          49   1.13861098386830     
          48          49   1.42634928645506     
          49          50   1.16081026654027     
          21          51   1.28027662677188     
          47          52   1.25996933058622     
          51          52   1.23968079708969     
          50          53   1.26202011748577     
          52          53   1.23659567630725     
          53          54   1.23204545505053     
          25          55   1.23759793203080     
          51          56   1.21978437267536     
          55          56   1.28456572881618     
          54          57   1.25491212499962     
          56          57   1.24009802394386     
          57          58   1.22311892979683     
          29          59   1.25480491482705     
          55          60   1.19332559186657     
          59          60   1.31970185804697     
          58          61   1.26564170056297     
          60          61   1.24235767196491     
          61          62   1.11424918464590     
          62          63   1.61654873697555     
          35          64   1.39595176713206     
          64          65   1.20283990666407     
          65          66   1.62665176206218     
          66          67   1.20985028430576     
          38          68   1.33828321166913     
          64          69   1.14225353954889     
          68          69   1.15510947509618     
          67          70   1.14513677533515     
          69          70   1.42748690088265     
          70          71   1.15466736078113     
          42          72   1.25451469080530     
          68          73   1.23497735652870     
          72          73   1.24921901710733     
          71          74   1.24714171913444     
          73          74   1.24718434405852     
          74          75   1.23507013256645     
          46          76   1.36572718378021     
          72          77   1.23547188446314     
          76          77   1.26659672609127     
          75          78   1.28455542500910     
          77          78   1.22697946406599     
          78          79   1.18472017513582     
          50          80   1.30829712687285     
          79          81   1.33360488012977     
          81          82   1.27695478601965     
          54          83   1.25793857173716     
          80          84   1.29001835909510     
          83          84   1.25386369597307     
          82          85   1.24527115061150     
          84          85   1.18601011786886     
          85          86   1.25111259343739     
          58          87   1.24988590558562     
          83          88   1.21159196006830     
          87          88   1.34799400033951     
          86          89   1.29533853359586     
          88          89   1.17225823459484     
          89          90   1.21412814018484     
          62          91   1.07187967863642     
          90          92   1.29304039679536     
          92          93   1.27207168710068     
          91          94   1.45564184482655     
          93          95   1.26961532154572     
          94          95   1.39152753986169     
          67          96   1.37235944083197     
          96          97   1.23857322528434     
          97          98   1.59148038781284     
          98          99   1.18638749996524     
          71         100   1.32562993823583     
          99         101   1.40451474748424     
         101         102   1.23367609678045     
          75         103   1.22994154192867     
         100         104   1.30067295390962     
         103         104   1.26841626828785     
         102         105   1.25494413970754     
         104         105   1.15484747712837     
         105         106   1.29704026575548     
          79         107   1.21213307417964     
         103         108   1.23139709325107     
         107         108   1.28015174505191     
         106         109   1.17521394736232     
         108         109   1.21924474194195     
         109         110   1.34873665527874     
          82         111   1.21307223463983     
         107         112   1.24093834831500     
         111         112   1.26767949740396     
         110         113   1.19887225912433     
         112         113   1.23175552206836     
         113         114   1.29353413461113     
          86         115   1.20785810624527     
         111         116   1.25352031858790     
         115         116   1.26157153936404     
         114         117   1.33013183685172     
         116         117   1.22233983103471     
         117         118   1.17888632703131     
          90         119   1.23042934528579     
         115         120   1.25523385252693     
         119         120   1.27486659304752     
         118         121   1.33848174169829     
         120         121   1.20886171904913     
         121         122   1.19375669991889     
          93         123   1.23067331290129     
         119         124   1.20773570223345     
         123         124   1.36152133812219     
         122         125   1.38416586916160     
         124         125   1.18260251074610     
         125         126   1.13738332256028     
         126         127   1.59180333700435     
          99         128   1.15217208652152     
         128         129   1.37010847459339     
         129         130   1.42417419981246     
         130         131   1.46043582613801     
         102         132   1.23455366154108     
         128         133   1.25419551874282     
         132         133   1.24282024769045     
         131         134   1.32937015143253     
         133         134   1.25003904439650     
         134         135   1.23155268344005     
         106         136   1.27339700020962     
         132         137   1.26127134986981     
         136         137   1.26178169336386     
         135         138   1.55291626954633     
         137         138   1.20139967549861     
         110         139   1.15924433902067     
         136         140   1.17905182319076     
         139         140   1.26631813332255     
         140         141   1.26987364106028     
         141         142   1.46667138564636     
         139         143   1.31164864177747     
         142         144   1.29947548308664     
         143         144   1.30679292805112     
         144         145   1.17937699724599     
         118         146   1.18735460576484     
         146         147   1.34480665344644     
         145         148   1.51892032989816     
         147         148   1.23583322314518     
         122         149   1.16502162846266     
         146         150   1.17043571566665     
         149         150   1.33416722472304     
         150         151   1.21031301267189     
         151         152   1.53218789657636     
         126         153   1.08907324211001     
         149         154   1.23695927813900     
         153         154   1.26185945632479     
         152         155   1.25195664323366     
         154         155   1.24906614086971     
         155         156   1.30266885226357     
         153         157   1.42621589958352     
         156         158   1.50219642082163     
         157         158   1.37960320442095     
           1         159  0.961636568585048     
           2         160  0.968991904445252     
           3         161  0.961977209087017     
           8         163  0.956707451298724     
          12         164  0.956762855617124     
          16         165  0.947757184072045     
          22         167  0.958665213193422     
          26         168  0.968909116171443     
          33         169  0.962175597721977     
          34         170  0.954403936418591     
          65         171  0.961238972281891     
          66         172  0.960307643409354     
          97         173  0.954437034012802     
          98         174  0.960419620409829     
         129         175  0.961007672906512     
         130         176  0.970062499749954     
         131         177  0.968410199938373     
         135         178  0.957471327713749     
         142         180  0.957123379866398     
         145         181  0.958912688055960     
         152         183  0.958524416424940     
         156         184  0.968358520861632     
         158         185  0.970000434760511     
          30         186  0.969483904281411     
          31         187  0.941480151419316     
          63         189  0.952938229142964     
          94         190  0.957985197636171     
          95         191  0.934833957904202     
         127         193  0.938938152876490     
         157         194  0.961014562380445     
          19         195   1.04257095591246     
          23         195   1.03596435613559     
         166         195  0.940405811096944     
          59         196   1.04265397847076     
          63         196   1.08658868424378     
         188         196  0.914295153115670     
          87         197   1.01450266421390     
          91         197   1.05245166014438     
          92         197   1.06011602850717     
         123         198   1.05311106833975     
         127         198   1.12739371461010     
         192         198  0.904096918375335     
         148         199   1.01180636787272     
         151         199   1.04325440371053     
         182         199  0.940428430916752     
         114         200   1.03423994931521     
         143         200   1.03844294791643     
         147         200   1.03236341447720     
          76         201   1.02833853102045     
          80         201   1.04821566493781     
          81         201   1.03969420775269     
          35         202   1.04117990019578     
          37         202   1.02745750092835     
          38         202   1.03926722838824     
           5         203   1.04275517025287     
           9         203   1.03948735632810     
         162         203  0.935515133415708     
          96         204   1.04131342353581     
         100         204   1.03463942696920     
         101         204   1.03168413427281     
         138         205   1.03574277329123     
         141         205   1.03867311254203     
         179         205  0.936796301233836     
          15         206   1.03917571905544     
          17         206   1.01864051428057     
          18         206   1.04248132847381     
