   -0.06651176
   -0.02908172
   -0.05013575
    0.00530277
   -0.12373810
    0.06827913
   -0.00863654
    0.00339700
   -0.08036572
    0.06312730
   -0.00700664
   -0.00041065
   -0.05114504
    0.01223071
   -0.00738498
    0.00076881
   -0.05958617
    0.01154348
   -0.00397377
   -0.00226579
   -0.28285348
    0.09198856
   -0.00987792
    0.00699515
   -0.05474418
    0.09142496
   -0.01156472
   -0.00207056
   -0.03627931
    0.01180241
   -0.00250998
    0.00492689
   -0.03118610
   -0.03833301
    0.00224053
   -0.03615528
   -0.04084006
    0.00229725
   -0.00720075
    0.00176883
    0.00256417
   -0.00047052
   -0.00127898
   -0.00136950
   -0.00056719
   -0.00024848
    0.00103212
   -0.00121977
   -0.00230299
   -0.00151582
   -0.00140692
   -0.00052267
   -0.00131329
   -0.00183249
   -0.00556061
   -0.00092750
    0.00057439
   -0.00048412
    0.00037307
   -0.00168402
    0.00007071
   -0.00147303
    0.00596847
    0.00101617
    0.00033926
    0.00295228
   -0.03695398
   -0.03693941
    0.00471202
   -0.03511083
   -0.04339134
   -0.00970917
   -0.00260900
    0.00148441
    0.00687713
   -0.01066311
   -0.00003053
   -0.00291439
   -0.00190596
   -0.00106953
    0.00011663
   -0.00156775
   -0.00102741
   -0.00183385
   -0.00069005
   -0.00012152
   -0.00042345
   -0.00219658
   -0.00103966
   -0.00144140
    0.00042066
   -0.00100017
    0.00008792
   -0.00202435
   -0.00031328
   -0.00165966
    0.00492063
    0.00089948
    0.00080711
    0.00296540
   -0.03758287
   -0.03690639
    0.05111412
   -0.05105766
   -0.02928514
   -0.00592724
    0.04329311
    0.04129648
    0.05345061
   -0.01608421
   -0.00034635
   -0.01226062
    0.00475788
   -0.00543715
    0.00049037
   -0.00380761
    0.00043831
   -0.00333954
   -0.00033624
   -0.00161362
    0.00060069
   -0.00324314
   -0.00024662
   -0.00241475
    0.00136957
   -0.00451630
   -0.00005622
   -0.00210357
   -0.00044769
   -0.00343129
    0.00438191
    0.00051466
    0.00101906
    0.00257455
   -0.03836706
   -0.03651555
    0.00235869
   -0.04619591
   -0.02913151
   -0.04386712
   -0.00058210
   -0.00464823
    0.01527637
   -0.08310486
    0.00817249
   -0.01082246
    0.06626183
   -0.12151818
    0.00299963
   -0.01488629
    0.06645240
   -0.08172918
    0.00112380
   -0.01299344
    0.01710432
   -0.08249523
    0.00422438
   -0.01313728
    0.06890080
   -0.12165164
    0.00039534
   -0.00894752
    0.06352953
   -0.08041657
    0.00594989
   -0.00437006
    0.01297316
   -0.04329495
   -0.04217411
   -0.03057216
    0.02319454
    0.03044169
    0.03055003
    0.16464961
    0.02110688
    0.02838831
    0.04176826
    0.04417706
    0.03125935
    0.03286784
    0.02949703
    0.03810905
    0.03216810
    0.05340054
    0.04964905
    0.02812818
    0.03005262
    0.02968250
    0.02369282
    0.16584653
    0.02106221
    0.02023715
    0.16397074
    0.02007482
    0.02510285
    0.02616193
    0.02621864
    0.02819350
    0.03183975
    0.03109219
    0.03213726
    0.03182408
    0.03182354
    0.03199746
    0.02887203
