           1           2   1.40877980344315     
           2           3   1.47054673131557     
           3           4   1.33738150062397     
           1           6   1.37400467624096     
           5           6   1.15641662722852     
           4           7   1.29306048053105     
           6           7   1.25513396476950     
           7           8   1.18654859734572     
           5          10   1.13023384005780     
           9          10   1.48095317040476     
           8          11   1.27866764665931     
          10          11   1.18112501897266     
          11          12   1.25950724819568     
           9          14   1.23476367298351     
          13          14   1.38688222689576     
          12          15   1.26725114461991     
          14          15   1.19781109064186     
          15          16   1.25928462148542     
          13          18   1.29927259605004     
          17          18   1.33908772165373     
          16          19   1.27746916531215     
          18          19   1.18691314385581     
          19          20   1.25746880032534     
          17          22   1.31564432036916     
          21          22   1.33246804152731     
          20          23   1.27701509625135     
          22          23   1.16258180316403     
          23          24   1.26506008215457     
          21          26   1.32649819101793     
          25          26   1.32393207825578     
          24          27   1.26597970424262     
          26          27   1.16195246605836     
          27          28   1.28271239290313     
          25          30   1.32842580667008     
          29          30   1.27847742488644     
          28          31   1.24304220651725     
          30          31   1.21618425402143     
          31          32   1.27152276451938     
          29          33   1.49619332240094     
          32          34   1.37695378792923     
          33          34   1.39263474003058     
           4          35   1.14844835927115     
          35          36   1.31942635243436     
          36          37   1.51668161381489     
          37          38   1.30867773191380     
           8          39   1.27734237068086     
          35          40   1.28694633039184     
          39          40   1.21510190655841     
          38          41   1.27992593460493     
          40          41   1.25287390977344     
          41          42   1.21791462495756     
          12          43   1.22925306618128     
          39          44   1.24522458042794     
          43          44   1.27142512819911     
          42          45   1.26163489945357     
          44          45   1.22934886028161     
          45          46   1.25000877177020     
          16          47   1.22053489548859     
          43          48   1.24055998836172     
          47          48   1.26517388936623     
          46          49   1.24788169030732     
          48          49   1.24120182161091     
          49          50   1.25190195981039     
          20          51   1.22271108396946     
          47          52   1.25159710757655     
          51          52   1.25628022201080     
          50          53   1.25266919246758     
          52          53   1.24125063256198     
          53          54   1.24742782651506     
          24          55   1.23024770488112     
          51          56   1.25889613341675     
          55          56   1.25205789661726     
          54          57   1.26128260945762     
          56          57   1.23749629956135     
          57          58   1.24116275999362     
          28          59   1.22864120787400     
          55          60   1.25445151658437     
          59          60   1.27560599212576     
          58          61   1.25526836318858     
          60          61   1.21880269412394     
          61          62   1.26892354357165     
          32          63   1.13763497424894     
          59          64   1.22593907702151     
          63          64   1.28153191949807     
          62          65   1.22039485604104     
          64          65   1.24850147776749     
          65          66   1.28307390981535     
          63          67   1.33648642509800     
          66          68   1.32588000805243     
          67          68   1.49849582001352     
          38          69   1.17348066653987     
          69          70   1.30469357148302     
          70          71   1.52907768041777     
          71          72   1.28885162892941     
          42          73   1.26097313976264     
          69          74   1.26869598873750     
          73          74   1.22357341047382     
          72          75   1.26330764899582     
          74          75   1.26049700024001     
          75          76   1.21868105525275     
          46          77   1.24838102215276     
          73          78   1.25420325284021     
          77          78   1.25275100991627     
          76          79   1.25582863739469     
          78          79   1.23530177439863     
          79          80   1.24487051862536     
          50          81   1.24147131505103     
          77          82   1.24254548356854     
          81          82   1.25694373360493     
          80          83   1.24546059607317     
          82          83   1.24407108459107     
          83          84   1.25219444614595     
          54          85   1.23701061546433     
          81          86   1.24328139827207     
          85          86   1.25077417735557     
          84          87   1.24354876639274     
          86          87   1.25119458523182     
          87          88   1.24957159127878     
          58          89   1.25002515731745     
          85          90   1.25566366986034     
          89          90   1.23895954674951     
          88          91   1.25660536075959     
          90          91   1.24889801424073     
          91          92   1.23751842752420     
          62          93   1.25367885387544     
          89          94   1.25599651147371     
          93          94   1.26593148578977     
          92          95   1.25355609733406     
          94          95   1.22226177481868     
          95          96   1.26850855443101     
          66          97   1.15617943969461     
          93          98   1.22060613230220     
          97          98   1.28293315395506     
          96          99   1.21800421145114     
          98          99   1.25060568365389     
          99         100   1.28519871146284     
          97         101   1.32141640224144     
         100         102   1.32056456511823     
         101         102   1.51053011932466     
          72         103   1.19341450907600     
         103         104   1.30483976136066     
         104         105   1.51128553952330     
         105         106   1.29746833911676     
          76         107   1.25703498276431     
         103         108   1.16989145989403     
         107         108   1.14735523549766     
         106         109   1.28469576255139     
         108         109   1.15267138808456     
         109         110   1.24773724911743     
          80         111   1.25621957336682     
         107         112   1.26175748950189     
         111         112   1.23953320535756     
         110         113   1.25610459397089     
         112         113   1.22779563285150     
         113         114   1.25416999748410     
          84         115   1.24685293592148     
         111         116   1.24429424202430     
         115         116   1.25233887800686     
         114         117   1.22873046900093     
         116         117   1.24348486168738     
         117         118   1.27298563639064     
          88         119   1.23732979931828     
         115         120   1.24528805475690     
         119         120   1.24572822883253     
         118         121   1.24068598001700     
         120         121   1.25298226272483     
         121         122   1.25386993500274     
          92         123   1.25468946694108     
         119         124   1.26269872675882     
         123         124   1.23213003879618     
         122         125   1.26546090593025     
         124         125   1.24616967332774     
         125         126   1.23449974328742     
          96         127   1.25470010606375     
         123         128   1.25821030232546     
         127         128   1.26809317788728     
         126         129   1.23988039320043     
         128         129   1.21682295649070     
         129         130   1.29056485310400     
         100         131   1.15576766489951     
         127         132   1.21986991507970     
         131         132   1.28126299680266     
         130         133   1.21541370018187     
         132         133   1.25220572164044     
         133         134   1.28798393148444     
         131         135   1.32773624337056     
         134         136   1.33557414541689     
         135         136   1.49903071658388     
         106         137   1.14746315600378     
         137         138   1.37401857075969     
         138         139   1.41023880981449     
         139         140   1.47556508213560     
         110         141   1.21854779844107     
         137         142   1.25847391010585     
         141         142   1.24766585417049     
         140         143   1.31007623099134     
         142         143   1.23966572551623     
         143         144   1.26315927427275     
         114         145   1.25855775556336     
         141         146   1.28248489428643     
         145         146   1.24254821430024     
         144         147   1.45587463999588     
         146         147   1.19220348139698     
         147         148   1.14526252223264     
         118         149   1.22380143426138     
         145         150   1.24376259657065     
         149         150   1.27023316938373     
         148         151   1.14392384862914     
         150         151   1.20208504468465     
         151         152   1.44096347979714     
         122         153   1.22036101948431     
         149         154   1.26122710077166     
         153         154   1.24610133127081     
         152         155   1.27987835110098     
         154         155   1.22846260519788     
         155         156   1.29951830401670     
         126         157   1.26995093943715     
         153         158   1.28995652995545     
         157         158   1.21967301461739     
         156         159   1.41932761710457     
         158         159   1.20901999163145     
         159         160   1.15871945160703     
         130         161   1.23129014539399     
         157         162   1.25511717284575     
         161         162   1.28415881652769     
         160         163   1.13110149942491     
         162         163   1.18620046162911     
         163         164   1.47442812608194     
         134         165   1.13539796879238     
         161         166   1.23728270838211     
         165         166   1.26484061478260     
         164         167   1.25063457467967     
         166         167   1.24448605397646     
         167         168   1.31748789825570     
         165         169   1.38565046379152     
         168         170   1.47558179150868     
         169         170   1.40939499395182     
           1         171  0.967982906327327     
           2         172  0.970985935369335     
           3         173  0.962714892664397     
           5         174  0.938160459440652     
           9         175  0.965454311730654     
          13         176  0.967094211577584     
          17         177  0.966996160278625     
          25         178  0.966513629279556     
          29         179  0.968988313410558     
          36         180  0.961463525098465     
          37         181  0.960895007783311     
          70         182  0.960056989057437     
          71         183  0.958737658935970     
         104         184  0.955643019788349     
         105         185  0.959279704307184     
         138         186  0.962398894396031     
         139         187  0.970606752596054     
         140         188  0.969184937672737     
         144         189  0.965492882354989     
         148         190  0.938119036512412     
         152         191  0.965879117283157     
         156         192  0.965924365613594     
         160         193  0.938496633573333     
         164         194  0.965383501674533     
         168         195  0.969232388502013     
         170         196  0.970797147125243     
          33         197  0.970468180594955     
          34         198  0.963094441871706     
          67         199  0.961559988109512     
          68         200  0.960736739364017     
         101         201  0.960513316820355     
         102         202  0.960419601512044     
         135         203  0.960515006485844     
         136         204  0.961336905220926     
         169         205  0.962613889618586     
