    0.00405999
   -0.00078060
   -0.00050210
    0.00373683
   -0.03689360
   -0.03666813
    0.00152942
   -0.00016909
    0.00162777
   -0.03732986
   -0.03714061
   -0.04513860
   -0.04514039
   -0.02926198
    0.01140283
   -0.00287564
   -0.00049471
   -0.03052678
    0.00629133
   -0.00007538
    0.00086682
    0.00549959
   -0.03744271
    0.00076626
   -0.00027860
    0.00116072
   -0.03831050
    0.00621347
    0.00057016
    0.00046676
    0.00618772
   -0.02975360
   -0.02979070
    0.01246036
    0.01128780
    0.01247503
   -0.03645327
   -0.04187242
   -0.03475400
   -0.03639553
    0.00244626
    0.00250506
    0.00472242
   -0.03565248
    0.00396990
   -0.00047478
   -0.00118038
    0.00376681
   -0.03683250
    0.00128425
   -0.00130896
    0.00095744
   -0.03674296
    0.03237988
    0.03249418
    0.03157891
    0.03360913
    0.02950517
    0.02960079
    0.03561377
    0.03344348
    0.03070187
    0.03340525
    0.03388572
    0.03340877
    0.03103255
    0.03116852
    0.03166294
    0.03165283
    0.03322673
    0.04028588
    0.03951850
   -0.03418900
