           1          28   1.13373012098887     
           6          28   1.38544043711315     
           7          28   1.27000557226045     
           2          29   1.22588368952237     
           7          29   1.24715937248103     
           8          29   1.28141782876404     
           3          30   1.22759940081281     
           8          30   1.27972536325449     
           9          30   1.24713212949987     
           4          31   1.13504381099201     
           5          31   1.38412807846681     
           9          31   1.27002439875978     
           5          32   1.38473339131085     
          10          32   1.50535532908630     
           6          33   1.38400736921263     
          11          33   1.50606474892577     
           7          34   1.21306296164446     
          11          34   1.27015201472895     
          12          34   1.34023409718184     
           8          35   1.17496743609243     
          12          35   1.32705103767372     
          13          35   1.32653194485480     
           9          36   1.21304599612345     
          10          36   1.27036432669626     
          13          36   1.34010480710715     
          14          37   1.50002524531706     
          15          37   1.28171893071282     
          15          38   1.30776727369719     
          16          38   1.40950181474800     
          17          39   1.33111121338607     
          18          39   1.46968909979035     
          14          40   1.38877332675058     
          19          40   1.39037991649999     
          15          41   1.22605160062219     
          19          41   1.26453748794200     
          20          41   1.24541266814372     
          16          42   1.19500525512663     
          20          42   1.27336390353143     
          21          42   1.27145406455923     
          17          43   1.25281526127254     
          21          43   1.21720850566246     
          22          43   1.26922224121226     
          18          44   1.41072412189493     
          22          44   1.37728760512159     
          19          45   1.13403329537929     
          23          45   1.35134421872658     
          24          45   1.27962850907603     
          20          46   1.22790817896543     
          24          46   1.22477521058031     
          25          46   1.28342229606133     
          21          47   1.24610424860687     
          25          47   1.26608253234542     
          26          47   1.22344539174226     
          22          48   1.13448714899445     
          26          48   1.28338407592393     
          27          48   1.34494573713206     
           1          49   1.35389167596379     
          23          49   1.47679159608381     
           1          50   1.27448682088148     
           2          50   1.23253748705492     
          24          50   1.24738566628660     
           2          51   1.27535001062693     
           3          51   1.27462566269215     
          25          51   1.19784043680918     
           3          52   1.23129573202707     
           4          52   1.27672822404004     
          26          52   1.24522146162593     
           4          53   1.34918777188566     
          27          53   1.48186782431032     
           5          54  0.962286058262076     
           6          55  0.961836962828415     
          18          56  0.968754967676876     
          27          57  0.961316474997440     
          32          58  0.970195110101180     
          33          59  0.970186516256409     
          44          60  0.961895376627142     
          53          61  0.960600121698266     
          14          62  0.970069490910107     
          23          63  0.960471724895270     
          40          64  0.961644227465267     
          49          65  0.960375087977995     
          10          66  0.968774763754992     
          11          67  0.968733960460679     
          12          68  0.966147948789390     
          13          69  0.966179401733139     
          37          70  0.968439932591830     
          38          71  0.958570363127608     
          39          72  0.962105427032905     
          16          73   1.22498158486429     
          17          73   1.23978783104172     
