   -0.04013591
   -0.04651752
    0.00081291
    0.02423049
    0.01290257
   -0.02979248
   -0.03819565
   -0.03663240
    0.00288389
    0.04566905
   -0.00553327
    0.00432754
   -0.00382588
    0.00359264
   -0.03870122
    0.04312621
   -0.03948122
   -0.00063634
    0.01143476
   -0.00879576
    0.00648000
   -0.00118056
   -0.05205682
    0.02957757
   -0.00861981
   -0.00142300
    0.00325885
    0.00176421
   -0.04245915
    0.04229948
   -0.00351511
    0.00149168
   -0.00213281
    0.02672040
    0.00094122
    0.04075561
    0.00812800
   -0.03367261
    0.03149195
   -0.02644173
    0.00193425
   -0.02834852
   -0.05385900
   -0.00184292
   -0.03864518
   -0.00150853
   -0.00054189
    0.00331080
    0.04655093
    0.04486177
    0.03980036
    0.03685238
    0.04328791
    0.05463548
    0.03818897
    0.03680097
    0.04044922
    0.05416153
    0.03797707
    0.04076319
    0.03772693
    0.04203783
    0.04704945
   -0.04464828
    0.04161305
    0.04924150
   -0.10812407
   -0.05016700
   -0.11150631
   -0.05850621
   -0.15868670
    0.03700129
