           1           3   1.72771722442863     
           1           5   1.15037266949705     
           2           7   1.41766227231847     
           2          13   1.26554001460993     
           4          13   1.28759122337449     
           4          18   1.30979549572503     
           5          18   1.22234749016208     
           5          23   1.39987618832742     
           6          29   1.46697049199287     
           9          29   1.33865969932676     
          23          30   1.37667614646087     
          25          30   1.32063438511678     
          11          31   1.43422398196154     
          25          31   1.12777630679487     
          27          31   1.19203371709443     
          12          32   1.30084500746075     
          27          32   1.19861399261607     
          28          32   1.25240557785396     
           8          33   1.25373436498773     
          24          33   1.28346351076564     
          28          33   1.23459315688809     
           7          34   1.44076310689212     
           9          34   1.14165633735072     
           9          35   1.26482176837742     
          10          35   1.33072046458163     
          14          35   1.12201524189106     
          11          36   1.02059675893593     
          15          36   1.05594202659393     
          11          37   1.21262974938086     
          12          37   1.15326955825848     
          17          37   1.42530577738566     
           8          38   1.56573238615501     
          12          38   1.27953205455815     
          13          39   1.22321157956496     
          20          39   1.39353305665427     
          14          40   1.42139632712495     
          21          40   1.29474271472250     
          14          41   1.19624748213209     
          16          41   1.29278466580135     
          22          41   1.24337957634446     
          15          42   1.67809169423116     
          17          42   1.25389767157036     
          16          43   1.38552740957431     
          19          43   1.38695941786713     
          18          44   1.22277877927255     
          20          44   1.21228490290461     
          25          44   1.27071057081210     
          19          45   1.16159335324394     
          26          45   1.71595205797981     
          20          46   1.13246393985033     
          21          46   1.21181583901288     
          27          46   1.34867290321054     
          21          47   1.22935196014264     
          22          47   1.26222486919004     
          28          47   1.25128271568846     
          19          48   1.21435489326083     
          22          48   1.21787698818248     
          24          48   1.32398427639477     
           1          49  0.955912139725444     
           8          50  0.955803139596264     
          15          51  0.968551984502850     
          17          52  0.963845610921728     
          23          53  0.964687596701366     
          26          54  0.961666444679145     
          38          55  0.961565977918966     
          42          56  0.967369805990332     
           2          57  0.955743140201410     
           3          58  0.961580699259507     
           6          59  0.968072561234369     
           7          60  0.948400876084138     
          29          61  0.964728469606985     
          43          62  0.964222386891588     
          45          63  0.955908161876069     
           6          64   1.40208251243102     
          10          64   1.40595740540071     
          64          65  0.967007141094898     
          36          66  0.934531234066585     
          10          67   1.03541560330319     
          16          67   1.06277626798822     
          24          68   1.05694537553558     
          26          68   1.12012856348551     
          34          69   1.02465099240437     
          39          69   1.02158639945222     
           3          70   1.11754778770826     
           4          70   1.04661136859002     
          30          71   1.05857686167115     
          36          71  0.884911830394037     
          40          72  0.958775251364838     
