   -0.03858292
   -0.03329618
   -0.03694419
   -0.02858739
    0.00871922
    0.02698145
   -0.02952151
   -0.03652820
   -0.03677531
    0.00657510
    0.01285057
    0.00007895
    0.00441986
    0.00497509
    0.00178155
    0.00090186
   -0.04350986
    0.01180683
   -0.04321234
    0.00134141
    0.01288485
    0.00061781
   -0.00050116
    0.00063306
   -0.08677890
    0.00645139
    0.00359703
   -0.02950494
   -0.00196639
    0.00148049
   -0.03636031
    0.04942029
   -0.03630531
   -0.03694921
    0.00434307
    0.00195822
    0.00443110
    0.00427502
    0.00192088
    0.04620363
   -0.04468896
    0.00608275
   -0.03758238
    0.00095808
   -0.00084914
    0.00001926
   -0.02862403
   -0.04448284
   -0.00369289
   -0.03683054
   -0.00060894
   -0.00012086
    0.00192813
    0.04216805
    0.03465804
    0.04181993
    0.03806621
    0.03047848
    0.03339627
    0.03538767
    0.03661199
    0.03386092
    0.03522899
    0.03196950
    0.03047961
    0.03479713
    0.03329952
    0.03188423
    0.03247070
    0.03251311
    0.03192103
   -0.09584364
