           1           4   1.41285137468412     
           2           4   1.47069164911529     
           1           5   1.38224500944808     
           2           6   1.31608539847941     
           3           8   1.48851062496852     
           3          14   1.33922435404584     
           5          14   1.12673357991186     
           5          20   1.26798260847931     
           6          20   1.18064794846294     
           6          25   1.27657282659875     
           7          31   1.39388044472761     
          10          31   1.37352058000585     
          25          32   1.58879499392868     
          27          32   1.13839430337114     
          26          33   1.36910611659176     
          28          33   1.39686518186415     
           7          34   1.49628054263453     
          11          34   1.27587142549028     
          12          35   1.16425821313484     
          27          35   1.27054835361673     
          29          35   1.28760138416604     
          13          36   1.29898126381844     
          29          36   1.20125667793440     
          30          36   1.25091237591656     
           9          37   1.32988130511977     
          26          37   1.13928833172117     
          30          37   1.28916660630513     
           8          38   1.34373308774407     
          10          38   1.13572288695252     
          15          38   1.28152572971326     
          10          39   1.27852338085381     
          11          39   1.21603519943196     
          16          39   1.23452608821985     
          12          40   1.29928131152500     
          17          40   1.41198610593701     
          11          41   1.33171939101172     
          18          41   1.32810573832739     
          12          42   1.28366651346994     
          13          42   1.14220836368698     
          19          42   1.34681293484715     
           9          43   1.50597345698084     
          13          43   1.32257210056258     
          14          44   1.29355430475107     
          15          44   1.25293323084643     
          22          44   1.20544348099574     
          15          45   1.22046498444028     
          16          45   1.23634162746421     
          23          45   1.27603585466268     
          16          46   1.28416733959879     
          18          46   1.17402675785231     
          24          46   1.27726866402174     
          17          47   1.40604827733777     
          19          47   1.46890356201484     
          18          48   1.32720327482459     
          21          48   1.33102800995808     
          20          49   1.23775922682547     
          22          49   1.23056435847565     
          27          49   1.27454591312279     
          21          50   1.27717710546180     
          28          50   1.49334718753360     
          22          51   1.29984051633062     
          23          51   1.19711294748849     
          29          51   1.24892511730686     
          23          52   1.27418891433832     
          24          52   1.24291456576551     
          30          52   1.21426635325666     
          21          53   1.21549464988785     
          24          53   1.23472077130796     
          26          53   1.27912843838050     
           2          54  0.967982032770743     
           9          55  0.960541106603124     
          17          56  0.966583138314820     
          19          57  0.960812813510936     
          28          58  0.970114070291902     
          33          59  0.962322725244897     
          43          60  0.960372708649095     
          47          61  0.969092524131810     
           1          62  0.962203395369976     
           3          63  0.961236652495142     
           4          64  0.969833151606854     
           7          65  0.970121781134563     
           8          66  0.960287633251838     
          31          67  0.961994800283336     
          34          68  0.968767865398123     
          41          69  0.966204771683990     
          48          70  0.966233043311488     
          50          71  0.968805261939673     
          32          72   1.02693292680691     
          40          72   1.06646429575118     
