   -0.04188295
   -0.04854173
   -0.02206364
   -0.04654317
   -0.01552217
   -0.23608029
   -0.03838311
   -0.01599791
   -0.03801239
    0.11544976
    0.00146113
   -0.06159342
   -0.02078806
   -0.02069543
   -0.01770171
   -0.07272493
   -0.02975345
    0.00277361
    0.13367348
   -0.02026344
    0.14128189
    0.00644925
    0.00428828
    0.13589512
    0.00055003
    0.01344822
    0.10536952
    0.10991218
    0.14871388
    0.00092396
    0.00019185
    0.12994750
    0.00355045
    0.00053154
    0.00059811
    0.01461065
   -0.07875062
   -0.02599056
   -0.21423545
   -0.00472930
   -0.01492797
   -0.07144029
    0.00607856
    0.13834374
   -0.03633883
   -0.00261406
   -0.05868965
   -0.00145891
   -0.01401391
    0.00008112
   -0.01191273
    0.00084327
    0.00565313
   -0.00094915
    0.13865950
   -0.00026307
   -0.06439298
    0.00012541
   -0.00762123
    0.00238410
   -0.00009597
    0.00523490
   -0.00085716
   -0.03042278
   -0.00033275
   -0.05270769
    0.00439300
    0.00013330
   -0.03637264
   -0.00777436
    0.00349485
    0.00003334
    0.01383332
   -0.03752185
    0.00004458
   -0.00259904
   -0.01047052
    0.00057027
   -0.07298491
    0.00515925
   -0.00128194
   -0.00082291
    0.01712960
    0.00026815
    0.12685708
   -0.01817116
   -0.03295721
   -0.00247596
   -0.01489645
    0.00004388
   -0.05964322
   -0.00123363
    0.09661801
   -0.00511216
    0.00197389
    0.00278971
    0.00018200
   -0.04544943
   -0.00145128
    0.00193576
    0.03498204
    0.04075660
    0.03855637
    0.03030485
    0.03348838
    0.04808749
    0.04587037
    0.03898729
    0.06965306
    0.06775545
    0.04846289
    0.03496051
    0.02906408
    0.04510343
    0.03844232
    0.03115732
    0.03263232
    0.03278790
    0.04766842
    0.04178149
    0.04724996
    0.05232212
    0.03731306
   -0.22773398
   -0.22903929
   -0.20327681
   -0.19464517
    0.03533494
