           1           7   1.65475380570830     
           3           7   1.19049385331436     
           1           8   1.18738692099711     
           2           9   1.60763206331755     
           5           9   1.17473110445098     
           2          10   1.23842716871712     
           3          10   1.37475373152588     
           6          10  0.993848338223855     
           3          11   1.14764026282852     
           4          17   1.49096147339716     
          12          17   1.38570492695890     
           4          18   1.32660366852104     
           5          18   1.17189446374687     
          13          18   1.27416679718867     
           5          19   1.40387489714168     
           6          19   1.04533929739522     
          14          19   1.20507027979955     
          12          21   1.40936481902514     
          13          21   1.26580167972363     
          13          22   1.20060282966490     
          14          22   1.30642727778036     
          15          22   1.22851866707247     
          14          23   1.19360940095244     
          15          24   1.21008256871070     
          16          24   1.48311797390440     
          15          25   1.28570667902716     
          16          26   1.25686101003554     
           8          28   1.38795144023420     
           8          30   1.17282262938723     
          11          30   1.38161202328131     
          11          33   1.17636417599841     
          20          33   1.34509378517913     
          27          37   1.64839712587309     
          29          37   1.17370905144358     
          28          38   1.20807864288512     
          29          38   1.36693939556037     
          31          38   1.16538452515548     
          29          39   1.10041545748686     
          32          39   1.02010106956835     
          30          40   1.19176682453933     
          31          40   1.32153188110541     
          34          40   1.23183916852167     
          31          41   1.24079082302222     
          32          41   1.21759790154115     
          35          41   1.27146949435560     
          32          42   1.47741765913030     
          36          42   1.26437848147951     
          20          43   1.31855869931181     
          23          43   1.18812505363984     
          23          52   1.32042185098706     
          25          52   1.21413296584515     
          25          59   1.25085662458848     
          26          59   1.22848564551759     
          26          66   1.32492342434167     
          33          72   1.23668599382973     
          34          72   1.24437887884704     
          46          72   1.25781778746861     
          47          73   1.21412808979842     
          66          73   1.39817799962987     
          68          73   1.20314279537830     
          67          74   1.29489671514718     
          69          74   1.53812563376723     
          34          75   1.26655758792810     
          35          75   1.23870465764265     
          48          75   1.23571915905679     
          49          76   1.23077050602516     
          68          76   1.25124631911618     
          70          76   1.26547501204846     
          35          77   1.24282046858538     
          36          77   1.25306762823798     
          50          77   1.24798976326586     
          51          78   1.25603104376890     
          70          78   1.25141630458422     
          71          78   1.24149311371293     
          36          79   1.28186335427692     
          44          79   1.45885274853469     
          45          80   1.27278071728806     
          67          80   1.18351905257878     
          71          80   1.29408582352430     
          43          81   1.25061010342270     
          46          81   1.25185372153354     
          54          81   1.23571844713920     
          46          82   1.23562147344628     
          48          82   1.26835281435007     
          56          82   1.23984346875244     
          47          83   1.53849894126320     
          49          83   1.14840169392443     
          57          83   1.13183257102235     
          48          84   1.24137806655906     
          50          84   1.23030430299710     
          58          84   1.27247050242090     
          49          85   1.36171069184512     
          51          85   1.23893208947660     
          44          86   1.22442970862151     
          50          86   1.27544945922155     
          53          86   1.22947474276118     
          45          87   1.57030852857410     
          51          87   1.26057347726752     
          52          88   1.21440223550731     
          54          88   1.26957122766193     
          61          88   1.25513529963183     
          53          89   1.19274182711839     
          55          89   1.26932624888888     
          62          89   1.28215476842109     
          54          90   1.23892470102873     
          56          90   1.24134012633023     
          63          90   1.26513082122154     
          55          91   1.41074657418164     
          64          91   1.38847181930302     
          56          92   1.26500405006276     
          58          92   1.24244137705385     
          65          92   1.23614632760927     
          57          93   1.71704539880847     
          53          94   1.31232521200711     
          58          94   1.22964676318631     
          60          94   1.20359867833518     
          59          95   1.25674104956477     
          61          95   1.21679290677670     
          68          95   1.28130631298592     
          60          96   1.30215134970604     
          62          96   1.15573681676090     
          69          96   1.30010654407586     
          61          97   1.27117087382533     
          63          97   1.24314340211656     
          70          97   1.23025291831418     
          62          98   1.33549322130525     
          64          98   1.48641632418141     
          63          99   1.23750749387807     
          65          99   1.28489454668848     
          71          99   1.21980848143519     
          60         100   1.24873836276180     
          65         100   1.22131097023485     
          67         100   1.28276459414231     
           1         101  0.967488063593520     
           2         102  0.957925077671849     
           4         103  0.963105627324977     
           7         104  0.960197941451999     
           9         105  0.963476674196326     
          12         106  0.968023105508791     
          16         107  0.965637388599328     
          17         108  0.970412152428151     
          27         109  0.956872040359757     
          37         110  0.965282611362543     
          42         111  0.966135303280455     
          45         112  0.961152541145492     
          47         113  0.966542559656941     
          57         114  0.966258144340181     
          64         115  0.970524622694238     
          66         116  0.966802773468002     
          69         117  0.962801086350257     
          74         118  0.961462402809017     
          79         119  0.966231448944887     
          87         120  0.967452035785852     
          91         121  0.968194762875139     
          93         122  0.959101669847427     
          98         123  0.963202759370725     
          21         124   1.05800632099863     
          24         124   1.04403554092318     
          44         125   1.05123390810586     
          55         125   1.04898743483622     
          85         126   1.04730657716214     
          93         126   1.09264742249503     
          27         127   1.13807912037624     
          28         127   1.00351601580263     
          20         128  0.965005676502833     
