   -0.06641041
   -0.04641656
    0.02402868
    0.04729689
    0.01533651
    0.01869630
   -0.04184024
   -0.04571437
    0.00082950
   -0.12321096
    0.05933894
   -0.00799529
   -0.00601462
   -0.02838507
   -0.00144097
   -0.00313925
   -0.07421476
    0.00997979
   -0.05332959
   -0.01077273
    0.01171076
   -0.00856188
   -0.00855214
   -0.00296194
   -0.08424824
    0.04964577
   -0.01680762
    0.02095271
   -0.00761625
   -0.00044008
   -0.06370376
    0.06383922
   -0.00139969
    0.00109199
   -0.02406216
   -0.01061327
   -0.00797829
    0.06366636
   -0.08694914
    0.00105049
   -0.04096503
   -0.00159874
   -0.00452923
   -0.01180560
   -0.03258893
   -0.06753980
   -0.00331063
   -0.06458947
   -0.00835766
   -0.01144808
   -0.00835623
    0.03364652
    0.00680194
    0.01413504
    0.02471762
    0.01776997
    0.03135172
    0.16744084
    0.02453696
    0.02271052
    0.16948777
    0.00348009
    0.03439309
    0.02928022
    0.02034427
    0.03214703
    0.01245904
    0.01717235
    0.03268280
   -0.11026534
   -0.10147179
   -0.10432970
    0.16054347
    0.16137036
