           1           3   1.64858086133731     
           1           5   1.15858572271508     
           2           7   1.63769399026778     
           2          14   1.20390331740327     
           4          14   1.31927486969619     
           4          20   1.25077793330619     
           5          20   1.23816947550788     
           5          25   1.39793549881959     
           6          31   1.65451774095287     
           9          31   1.16621721372868     
          10          32   1.15178315079400     
          25          32   1.33572297369993     
          27          32   1.27578148298297     
          12          33   1.22250823366163     
          27          33   1.19468892961812     
          29          33   1.31920947788341     
          13          34   1.29641877241114     
          29          34   1.21281778076010     
          30          34   1.24630558410557     
           8          35   1.23907585693922     
          26          35   1.26589205704899     
          30          35   1.23773062523697     
           7          36   1.20793456593611     
           9          36   1.31367832912231     
          15          36   1.22265543214404     
           9          37   1.24865003770500     
          11          37   1.21628314123826     
          16          37   1.26439738583542     
          10          38   1.13551546572342     
          12          38   1.24457127078899     
          17          38   1.40180583562464     
          11          39   1.44654691996287     
          18          39   1.28045672015880     
          12          40   1.27256334711648     
          13          40   1.19422428207270     
          19          40   1.30106349715549     
           8          41   1.59222804872520     
          13          41   1.25097637822214     
          14          42   1.21263120337849     
          15          42   1.27009578857191     
          22          42   1.26170887953859     
          15          43   1.25570823283674     
          16          43   1.24890956162481     
          23          43   1.23801556739299     
          16          44   1.23946396133439     
          18          44   1.25736457737234     
          24          44   1.23488034030726     
          17          45   1.37033971803904     
          19          45   1.50753283373697     
          18          46   1.26276432049607     
          21          46   1.47788243678904     
          20          47   1.24808818385034     
          22          47   1.25477732993040     
          27          47   1.24907078191573     
          21          48   1.14879107605682     
          28          48   1.66483902600930     
          22          49   1.22864828410815     
          23          49   1.29813330907551     
          29          49   1.21121614982078     
          23          50   1.20512897937438     
          24          50   1.27025295462660     
          30          50   1.26436843628697     
          21          51   1.18607805405278     
          24          51   1.24622795287730     
          26          51   1.30259913816927     
           1          52  0.968142008625390     
           8          53  0.958112649788800     
          17          54  0.968424491182004     
          19          55  0.962983377393061     
          25          56  0.966023114566748     
          28          57  0.965845381363069     
          41          59  0.962012840764903     
          45          60  0.971417900403010     
           2          62  0.958125838278296     
           3          63  0.965640066220765     
           6          64  0.966440666270263     
           7          65  0.962212634458408     
          31          66  0.961148343409383     
          39          67  0.965448370438612     
          46          68  0.967230604165801     
          48          69  0.967843054580623     
           6          70   1.18645122591404     
          11          70   1.11623262000672     
           3          71   1.20843840877429     
           4          71   1.11857416382268     
          61          71  0.931314931140555     
          26          72   1.12977355517583     
          28          72   1.19181652184677     
          58          72  0.931897534481891     
          70          73  0.944532399369579     
          10          74  0.939401362415140     
