   -0.04451200
   -0.05167094
   -0.02107214
   -0.05415192
   -0.02077245
    0.00801290
   -0.04400716
   -0.03148084
   -0.03732240
    0.03759557
   -0.00522146
   -0.07185091
   -0.01548795
   -0.01727750
   -0.01518823
   -0.08491308
   -0.02997012
    0.00282135
    0.05538391
    0.04517549
    0.06805539
    0.00327156
    0.00148443
    0.06260638
    0.00098833
    0.01214564
    0.02852083
    0.03978916
    0.06499093
   -0.00699985
   -0.00110744
    0.05828300
   -0.00864805
   -0.00377764
   -0.00324932
    0.01429972
   -0.08069028
   -0.01514495
   -0.11400282
   -0.00597569
   -0.01043427
   -0.08964076
   -0.01812027
    0.06444655
   -0.03997998
   -0.00750956
   -0.06556115
   -0.00137001
   -0.00850241
   -0.00114393
   -0.02121345
   -0.00795255
    0.00230868
   -0.00412339
    0.06542298
   -0.00312277
   -0.06138900
   -0.00296383
   -0.01070757
    0.00028621
   -0.00508065
    0.00413866
   -0.00543421
   -0.03121186
   -0.00230516
   -0.06196865
    0.00031644
   -0.00541739
   -0.03852671
   -0.01101867
    0.00058474
   -0.00508285
    0.01148772
   -0.04227881
   -0.00517536
   -0.00248360
   -0.01436513
    0.00101828
   -0.08590014
   -0.00032588
   -0.00478870
   -0.00403388
    0.01258545
   -0.00278028
    0.05415029
   -0.01694092
   -0.04375127
   -0.00233852
   -0.00922556
   -0.00164436
   -0.07060179
   -0.00528716
    0.01993992
   -0.00925856
    0.00067050
   -0.00372746
   -0.00226438
   -0.05136432
   -0.00452576
    0.00005011
    0.00565995
    0.03909109
    0.02692449
    0.17416664
    0.02230496
    0.03564729
    0.01888771
    0.01601328
    0.02659640
    0.04366201
    0.03572148
    0.16619685
    0.01314709
    0.02709584
    0.02004314
    0.03587591
    0.16942637
    0.02528348
    0.01919928
    0.02646465
    0.02486649
    0.01394559
    0.00900691
    0.01664976
    0.03365739
    0.02789128
   -0.12386974
   -0.12316174
    0.16281168
    0.16095241
   -0.10020681
   -0.10344426
