           1           7   1.65406675295300     
           3           7   1.18713133908097     
           1           8   1.18673099571674     
           2           9   1.62547680900131     
           5           9   1.19708412822120     
           2          10   1.21369901447799     
           3          10   1.35526899197254     
           6          10   1.09164974834546     
           3          11   1.17955751415760     
           4          17   1.48584169905650     
          12          17   1.39450901331379     
           4          18   1.31571580953575     
           5          18   1.18476542135183     
          13          18   1.27184243822500     
           5          19   1.33304522691470     
           6          19   1.15643931075868     
          14          19   1.21909279066645     
           6          20   1.11863046659545     
          12          21   1.37870507582338     
          13          21   1.24954581177093     
          13          22   1.20724373866789     
          14          22   1.28192683415211     
          15          22   1.25317521416002     
          14          23   1.22974304232068     
          15          24   1.19018381551167     
          16          24   1.46704003765587     
          15          25   1.27151397483767     
          16          26   1.25235480627899     
           8          28   1.37838291669807     
           8          30   1.16391030090267     
          11          30   1.34861352579814     
          11          33   1.20231792747218     
          20          33   1.28591510851892     
          27          37   1.61261060531361     
          29          37   1.17821695489284     
          28          38   1.20531467592182     
          29          38   1.34331787569836     
          31          38   1.17381205984742     
          29          39   1.18882966574654     
          32          39   1.11434260234043     
          30          40   1.21831290063988     
          31          40   1.29252481382989     
          34          40   1.23669578592881     
          31          41   1.26790138964833     
          32          41   1.20096762230501     
          35          41   1.25599490373175     
          32          42   1.45796097727787     
          36          42   1.25589251703646     
          20          43   1.28318497184766     
          23          43   1.21841903781732     
          23          52   1.29262959576833     
          25          52   1.22859335000429     
          25          59   1.25583507212149     
          26          59   1.21620934898192     
          26          66   1.34480689630071     
          33          72   1.24856134039451     
          34          72   1.25368757332505     
          46          72   1.23842617356457     
          47          73   1.23719226893131     
          66          73   1.37063285500619     
          68          73   1.20738451793932     
          67          74   1.28005164261997     
          69          74   1.55111310831638     
          34          75   1.25109218185049     
          35          75   1.25781279546829     
          48          75   1.22768239332513     
          49          76   1.24587651263980     
          68          76   1.24687280349510     
          70          76   1.25714477339256     
          35          77   1.23588963513651     
          36          77   1.24228526201146     
          50          77   1.25656404898591     
          51          78   1.25141158963543     
          70          78   1.25488447881507     
          71          78   1.24333741888882     
          36          79   1.30667563290951     
          44          79   1.41181195160980     
          45          80   1.26400402995853     
          67          80   1.19901842212404     
          71          80   1.28392512897152     
          43          81   1.22274624495676     
          46          81   1.28430146386420     
          54          81   1.23253189929477     
          46          82   1.21991663416902     
          48          82   1.27101243055928     
          56          82   1.25078842529128     
          47          83   1.50184883676414     
          49          83   1.16349647635474     
          57          83   1.15306455180343     
          48          84   1.24750945527398     
          50          84   1.23330867227974     
          58          84   1.26171313825081     
          49          85   1.32167450489327     
          51          85   1.23804690557396     
          44          86   1.22529595547966     
          50          86   1.26552628586376     
          53          86   1.22610333701475     
          45          87   1.57553180910237     
          51          87   1.25550039920494     
          52          88   1.21479348524291     
          54          88   1.26527775716704     
          61          88   1.26406522612103     
          53          89   1.20611634272070     
          55          89   1.24996192775865     
          62          89   1.28144263797640     
          54          90   1.24454426937695     
          56          90   1.24721478659729     
          63          90   1.25459644848133     
          55          91   1.38689753195915     
          64          91   1.39226994455259     
          56          92   1.24706497230240     
          58          92   1.26181329723637     
          65          92   1.23081272902343     
          57          93   1.66419490901481     
          53          94   1.30881500990301     
          58          94   1.21940526330478     
          60          94   1.21258253672648     
          59          95   1.26011884014056     
          61          95   1.21888814858683     
          68          95   1.27712615639986     
          60          96   1.29361338832075     
          62          96   1.16837602908069     
          69          96   1.28915873889178     
          61          97   1.25603263744025     
          63          97   1.25785302095770     
          70          97   1.23015136937435     
          62          98   1.32381106245094     
          64          98   1.48571687534959     
          63          99   1.22919959490268     
          65          99   1.28587341384340     
          71          99   1.22601625946843     
          60         100   1.24858361061850     
          65         100   1.22528776281404     
          67         100   1.27863356530178     
           1         101  0.959751079321916     
           2         102  0.956697971769590     
           4         103  0.962420852358212     
           7         105  0.959106480706477     
           9         106  0.960523871295412     
          12         107  0.968384082817349     
          16         108  0.965651186181297     
          17         109  0.971243971489348     
          27         110  0.965320901107441     
          37         111  0.967389833870885     
          39         112  0.938501118886093     
          42         113  0.966127720568568     
          45         114  0.960620913980735     
          47         115  0.966876997668556     
          57         116  0.967410513268459     
          64         118  0.971296427811173     
          66         119  0.967211610670918     
          69         120  0.961919682345241     
          74         121  0.960769591090242     
          79         122  0.966082573191380     
          87         123  0.957901701135930     
          91         124  0.968249432501809     
          93         125  0.965887910918875     
          98         126  0.962925806922489     
          21         127   1.15613008828603     
          24         127   1.13125140119736     
          44         128   1.14333524907169     
          55         128   1.14531275735663     
         127         129  0.938729175664663     
         128         130  0.939301577909743     
          85         131   1.14523970382686     
          93         131   1.18747697390883     
         117         131  0.930784006425994     
          27         132   1.23161164931090     
          28         132   1.08463942354804     
         104         132  0.932169391493535     
