   -0.03778260
   -0.04278314
   -0.03974801
   -0.03213618
    0.00638531
    0.00389317
   -0.03086359
   -0.03629381
   -0.03671481
    0.00463874
    0.01138002
   -0.01224447
    0.00126922
    0.00309440
    0.00118839
    0.00055068
   -0.06074344
    0.01017666
   -0.04322180
   -0.00198087
    0.01144271
    0.00249190
   -0.00178197
    0.00031284
   -0.06891833
    0.00453064
   -0.02003182
   -0.03085178
   -0.00261140
    0.00158601
   -0.04200129
    0.13324680
   -0.04105532
   -0.04075381
    0.00362018
    0.00068787
    0.00426614
    0.00345997
   -0.00069437
    0.13382840
   -0.05316914
    0.00479130
   -0.03867988
   -0.00009224
   -0.00509400
    0.00037893
   -0.02991936
   -0.05177731
   -0.00712979
   -0.03976228
   -0.00100348
   -0.00319492
   -0.00087612
    0.02916503
    0.03386637
    0.04758605
    0.04136207
    0.07203136
    0.02554259
    0.02781853
    0.03129705
    0.04093491
    0.03676687
    0.03120662
    0.03278331
    0.02494400
    0.03338948
    0.02723886
    0.02698149
    0.02618950
    0.02685915
    0.02777531
    0.07203008
   -0.20907758
