           1           4   1.49256220557718     
           2           4   1.37406905500397     
           1           5   1.34121493481002     
           1           6  0.104473236164762     
           2           6   1.47504748129376     
           3           8   1.50945180821109     
           3          14   1.31542316220436     
           5          14   1.15298061957977     
           5          20   1.27507863499547     
           6          20   1.29392626583988     
           6          25   1.01060012709856     
           7          31   1.39642136144946     
          10          31   1.36694544832665     
          25          32   1.02404930450971     
          27          32   1.43086584124447     
          26          33   1.36470147438248     
          28          33   1.39773654851812     
           7          34   1.49400481534812     
          11          34   1.27460322905853     
          12          35   1.21596432469152     
          27          35   1.17097592492630     
          29          35   1.31673441684711     
          13          36   1.29309104252546     
          29          36   1.20353536631526     
          30          36   1.25387915696198     
           9          37   1.32406795850467     
          26          37   1.14566637838799     
          30          37   1.28241258961388     
           8          38   1.32786554364912     
          10          38   1.14344506938964     
          15          38   1.28218002911116     
          10          39   1.27636440033227     
          11          39   1.21588165625128     
          16          39   1.23646244749446     
          12          40   1.26034802436180     
          17          40   1.40681194173475     
          11          41   1.33340916290350     
          18          41   1.32419095467695     
          12          42   1.27512742924235     
          13          42   1.15882841895966     
          19          42   1.33162058792880     
           9          43   1.51307304220016     
          13          43   1.31204497197386     
          14          44   1.29769378395926     
          15          44   1.25285815641842     
          22          44   1.20040061433297     
          15          45   1.22117438963189     
          16          45   1.24710976283689     
          23          45   1.25358274023459     
          16          46   1.27259368384998     
          18          46   1.18172233814112     
          24          46   1.27053587455477     
          17          47   1.38424563395419     
          19          47   1.48601711586764     
          18          48   1.32303248646080     
          21          48   1.33371340698993     
          20          49   1.19953161078698     
          22          49   1.32308303131611     
          27          49   1.16632554242804     
          21          50   1.27474002625136     
          28          50   1.49277128589497     
          22          51   1.23094073127498     
          23          51   1.24666333242163     
          29          51   1.23090603582619     
          23          52   1.25135963630600     
          24          52   1.24962145439838     
          30          52   1.22056287020004     
          21          53   1.21559270917453     
          24          53   1.23629787729185     
          26          53   1.27634337597435     
           2          54  0.969480231526161     
           9          55  0.960548239152862     
          17          56  0.967999404332207     
          19          57  0.962240880014425     
          25          58  0.934857850355826     
          28          59  0.970380349292485     
          33          60  0.962364658513257     
          43          61  0.962248189407661     
          47          62  0.970292661844686     
           1          63  0.960827534032367     
           3          64  0.960771347606973     
           4          65  0.970733718078060     
           7          66  0.970435494632834     
           8          67  0.960444576894788     
          31          68  0.962323163479010     
          34          69  0.969150438783390     
          41          70  0.966747489410376     
          48          71  0.966690179408383     
          50          72  0.969097790688411     
          25          73  0.934866890841717     
          32          74   1.09849856872239     
          40          74   1.04294126047998     
