   -0.03689692
   -0.02972538
   -0.03630223
    0.00639909
   -0.04461116
    0.01256882
    0.00161426
    0.00086326
   -0.04532785
    0.01191384
   -0.00018032
    0.00076568
   -0.04613521
    0.01223737
    0.00053360
    0.00096926
   -0.04613542
    0.01216741
    0.00082833
    0.00096915
   -0.04532833
    0.01223713
    0.00053381
    0.00076547
   -0.04461154
    0.01191356
   -0.00018012
    0.00086316
   -0.03689714
    0.01256863
    0.00161426
    0.00639909
   -0.02972538
   -0.03630259
    0.00407716
   -0.03676717
   -0.03723922
    0.00454347
   -0.00036102
    0.00138581
    0.00101263
   -0.00042372
   -0.00080579
   -0.00053270
   -0.00051453
   -0.00057048
   -0.00096047
   -0.00035537
   -0.00034048
   -0.00038770
   -0.00096046
   -0.00038962
   -0.00039012
   -0.00038770
   -0.00080575
   -0.00035532
   -0.00034045
   -0.00057047
   -0.00036093
   -0.00053268
   -0.00051451
   -0.00042372
    0.00407719
    0.00138572
    0.00101263
    0.00454342
   -0.03676738
   -0.03723927
    0.00440617
   -0.03712659
   -0.03712644
    0.00440608
   -0.00034094
    0.00116969
    0.00116975
   -0.00034094
   -0.00050845
   -0.00047340
   -0.00047335
   -0.00050846
   -0.00040043
   -0.00034824
   -0.00034823
   -0.00040046
   -0.00040044
   -0.00039951
   -0.00039951
   -0.00040048
   -0.00050846
   -0.00034823
   -0.00034820
   -0.00050849
   -0.00034094
   -0.00047340
   -0.00047335
   -0.00034093
    0.00440616
    0.00116967
    0.00116972
    0.00440609
   -0.03712661
   -0.03712647
    0.00454354
   -0.03723915
   -0.03676703
    0.00407718
   -0.00042371
    0.00101262
    0.00138580
   -0.00036096
   -0.00057049
   -0.00051454
   -0.00053278
   -0.00080576
   -0.00038773
   -0.00034049
   -0.00035540
   -0.00096049
   -0.00038772
   -0.00039012
   -0.00038961
   -0.00096049
   -0.00057048
   -0.00034046
   -0.00035534
   -0.00080574
   -0.00042371
   -0.00051452
   -0.00053275
   -0.00036088
    0.00454347
    0.00101262
    0.00138570
    0.00407720
   -0.03723923
   -0.03676729
    0.00639910
   -0.03630199
   -0.02972542
   -0.03689673
    0.00086329
    0.00161429
    0.01256891
   -0.04461083
    0.00076570
   -0.00018040
    0.01191397
   -0.04532757
    0.00096924
    0.00053360
    0.01223745
   -0.04613522
    0.00096910
    0.00082844
    0.01216742
   -0.04613563
    0.00076545
    0.00053388
    0.01223716
   -0.04532852
    0.00086317
   -0.00018015
    0.01191363
   -0.04461161
    0.00639911
    0.00161422
    0.01256869
   -0.03689711
   -0.03630256
   -0.02972542
    0.03121723
    0.02964618
    0.03262789
    0.03181739
    0.03143840
    0.03120535
    0.03120539
    0.03143848
    0.03181746
    0.03121727
    0.03290222
    0.03322197
    0.03319168
    0.03319135
    0.03322192
    0.03290214
    0.03262756
    0.02964621
    0.03121717
    0.03181729
    0.03143831
    0.03120529
    0.03120533
    0.03143841
    0.03181738
    0.03121723
    0.02964610
    0.02964610
    0.03262856
    0.03290235
    0.03322195
    0.03319167
    0.03319135
    0.03322191
    0.03290230
    0.03262838
