           1           2   1.49831710852798     
           2           3   1.39169869741646     
           3           4   1.37665530864759     
           1           6   1.27525948153371     
           5           6   1.33138342899431     
           4           7   1.27440468957312     
           6           7   1.21686167233289     
           7           8   1.23808984297993     
           5          10   1.33250484871282     
           9          10   1.32239553166387     
           8          11   1.29170874235574     
          10          11   1.17459560559359     
          11          12   1.25984128985460     
           9          14   1.32650779046114     
          13          14   1.32823341665011     
          12          15   1.26605444193339     
          14          15   1.17492916433301     
          15          16   1.27481076021120     
          13          18   1.32488450157774     
          17          18   1.32488298139347     
          16          19   1.26639919224875     
          18          19   1.17944998545862     
          19          20   1.26639808267668     
          17          22   1.32823404003738     
          21          22   1.32650576036974     
          20          23   1.27481131452718     
          22          23   1.17493017471241     
          23          24   1.26605319371630     
          21          26   1.32239492829595     
          25          26   1.33250410224360     
          24          27   1.25984105200191     
          26          27   1.17459659568313     
          27          28   1.29170834137344     
          25          30   1.33138180800041     
          29          30   1.27525988191496     
          28          31   1.23808854897734     
          30          31   1.21686267576080     
          31          32   1.27440523401738     
          29          33   1.49831624374222     
          32          34   1.37665323828645     
          33          34   1.39169987701187     
           4          35   1.13696260199071     
          35          36   1.33929575142405     
          36          37   1.49582419391367     
          37          38   1.32866758104332     
           8          39   1.22615465126371     
          35          40   1.28049646148078     
          39          40   1.22594267143795     
          38          41   1.28222484028975     
          40          41   1.24966158218617     
          41          42   1.22043182511100     
          12          43   1.23241302849057     
          39          44   1.27867879773691     
          43          44   1.25623687013818     
          42          45   1.27429917078889     
          44          45   1.21395914874496     
          45          46   1.25495525206296     
          16          47   1.21774871995537     
          43          48   1.24881452865528     
          47          48   1.26763578263895     
          46          49   1.24387150187189     
          48          49   1.23153198555369     
          49          50   1.26527305053696     
          20          51   1.21774871940943     
          47          52   1.25341824339257     
          51          52   1.25341800688543     
          50          53   1.24983100260432     
          52          53   1.24187573687635     
          53          54   1.24983134702684     
          24          55   1.23241330663535     
          51          56   1.26763612487466     
          55          56   1.24881454921610     
          54          57   1.26527311490661     
          56          57   1.23153147456375     
          57          58   1.24387178084766     
          28          59   1.22615541087919     
          55          60   1.25623685570091     
          59          60   1.27867910980901     
          58          61   1.25495578738191     
          60          61   1.21395855689848     
          61          62   1.27429906264002     
          32          63   1.13696391473920     
          59          64   1.22594204668119     
          63          64   1.28049662987791     
          62          65   1.22043214574991     
          64          65   1.24966158591628     
          65          66   1.28222463878422     
          63          67   1.33929478356546     
          66          68   1.32866708686063     
          67          68   1.49582507239630     
          38          69   1.15500077758009     
          69          70   1.32407064889358     
          70          71   1.50719556776325     
          71          72   1.32407152557407     
          42          73   1.24844248430653     
          69          74   1.28280371338288     
          73          74   1.22071193474699     
          72          75   1.28280336299855     
          74          75   1.25050985803747     
          75          76   1.22071229040776     
          46          77   1.24765169830887     
          73          78   1.27147963847136     
          77          78   1.25591660875845     
          76          79   1.27147982529772     
          78          79   1.21726598615677     
          79          80   1.25591657707460     
          50          81   1.23061819745658     
          77          82   1.24139537894050     
          81          82   1.26458911744854     
          80          83   1.24139550452122     
          82          83   1.23778491571341     
          83          84   1.26458911243741     
          54          85   1.23061778880157     
          81          86   1.24842175617837     
          85          86   1.24842183666066     
          84          87   1.24842182817471     
          86          87   1.24815877744226     
          87          88   1.24842183609242     
          58          89   1.24765085829297     
          85          90   1.26458940668567     
          89          90   1.24139568624263     
          88          91   1.26458946952608     
          90          91   1.23778427720327     
          91          92   1.24139579549047     
          62          93   1.24844216701638     
          89          94   1.25591706659687     
          93          94   1.27147986950340     
          92          95   1.25591704207218     
          94          95   1.21726522067936     
          95          96   1.27148010522357     
          66          97   1.15500113556608     
          93          98   1.22071200850626     
          97          98   1.28280393360624     
          96          99   1.22071230900160     
          98          99   1.25050949866160     
          99         100   1.28280363161636     
          97         101   1.32407004647712     
         100         102   1.32407084259122     
         101         102   1.50719623511795     
          72         103   1.15500048189057     
         103         104   1.32866728607539     
         104         105   1.49582463175883     
         105         106   1.33929531016984     
          76         107   1.24844206774931     
         103         108   1.28222490734983     
         107         108   1.22043185923130     
         106         109   1.28049649439139     
         108         109   1.24966155246942     
         109         110   1.22594269043107     
          80         111   1.24765157379526     
         107         112   1.27429934111988     
         111         112   1.25495512705941     
         110         113   1.27867868535886     
         112         113   1.21395925717899     
         113         114   1.25623673798928     
          84         115   1.23061811763711     
         111         116   1.24387172058669     
         115         116   1.26527303520183     
         114         117   1.24881478683628     
         116         117   1.23153186415590     
         117         118   1.26763568424653     
          88         119   1.23061767825511     
         115         120   1.24983110549007     
         119         120   1.24983154450913     
         118         121   1.25341852536004     
         120         121   1.24187544672993     
         121         122   1.25341814811504     
          92         123   1.24765067507119     
         119         124   1.26527306043152     
         123         124   1.24387204739485     
         122         125   1.26763614161564     
         124         125   1.23153127164348     
         125         126   1.24881477699095     
          96         127   1.24844172452243     
         123         128   1.25495571164476     
         127         128   1.27429919304902     
         126         129   1.25623669681881     
         128         129   1.21395859671749     
         129         130   1.27867905334929     
         100         131   1.15500092316982     
         127         132   1.22043224583426     
         131         132   1.28222462160172     
         130         133   1.22594192165608     
         132         133   1.24966159498829     
         133         134   1.28049669075224     
         131         135   1.32866672874626     
         134         136   1.33929413815622     
         135         136   1.49582568119161     
         106         137   1.13696268793218     
         137         138   1.37665602732837     
         138         139   1.39169845596771     
         139         140   1.49831722342672     
         110         141   1.22615486461142     
         137         142   1.27440417647684     
         141         142   1.23809060419906     
         140         143   1.27525958265881     
         142         143   1.21686145486678     
         143         144   1.33138373904748     
         114         145   1.23241300300824     
         141         146   1.29170815337243     
         145         146   1.25984181599439     
         144         147   1.33250554872095     
         146         147   1.17459560837656     
         147         148   1.32239501580937     
         118         149   1.21774849486650     
         145         150   1.26605419546698     
         149         150   1.27481094796807     
         148         151   1.32650868220045     
         150         151   1.17492918832770     
         151         152   1.32823259349653     
         122         153   1.21774852132586     
         149         154   1.26639921348998     
         153         154   1.26639787513472     
         152         155   1.32488456888366     
         154         155   1.17945020903812     
         155         156   1.32488266529066     
         126         157   1.23241337052098     
         153         158   1.27481159655023     
         157         158   1.26605269741619     
         156         159   1.32823340725104     
         158         159   1.17493040291469     
         159         160   1.32650618812625     
         130         161   1.22615579459820     
         157         162   1.25984150342183     
         161         162   1.29170768534032     
         160         163   1.32239431145432     
         162         163   1.17459680025775     
         163         164   1.33250463146991     
         134         165   1.13696428325898     
         161         166   1.23808901802232     
         165         166   1.27440484233380     
         164         167   1.33138178573028     
         166         167   1.21686268083794     
         167         168   1.27526003975519     
         165         169   1.37665350733419     
         168         170   1.49831618740904     
         169         170   1.39169989890208     
           1         171  0.968803460013783     
           2         172  0.970198902202088     
           3         173  0.962017212585724     
           5         174  0.966271804546948     
           9         175  0.966380947557428     
          13         176  0.966433779623407     
          17         177  0.966434010049050     
          21         178  0.966381494789261     
          25         179  0.966272290679110     
          29         180  0.968803640625243     
          36         181  0.960597500056271     
          37         182  0.959777701092935     
          70         183  0.959654813571455     
          71         184  0.959654906493479     
         104         185  0.959777874746597     
         105         186  0.960597336981197     
         138         187  0.962017013814835     
         139         188  0.970198891592997     
         140         189  0.968803371171242     
         144         190  0.966271630055735     
         148         191  0.966380843916551     
         152         192  0.966433833974201     
         156         193  0.966434112065003     
         160         194  0.966381506997746     
         164         195  0.966272221496639     
         168         196  0.968803592725877     
         170         197  0.970198981433165     
          33         198  0.970198979606392     
          34         199  0.962017037037862     
          67         200  0.960597157760719     
          68         201  0.959777596061380     
         101         202  0.959654721884730     
         102         203  0.959654793755287     
         135         204  0.959777737770999     
         136         205  0.960596918777088     
         169         206  0.962016796969692     
