   -0.05142640
   -0.03192723
    0.00793600
   -0.18772344
   -0.01162089
    0.00008943
   -0.03873953
    0.09582413
   -0.03728414
    0.00679192
   -0.02256193
   -0.07522495
   -0.02462497
   -0.00293907
   -0.01507826
   -0.07523795
    0.09800944
    0.11751430
    0.00226131
   -0.00037342
    0.14657111
   -0.00039951
    0.00126076
    0.12455079
   -0.01355626
   -0.00087386
    0.10190139
    0.09937021
    0.14223432
   -0.25355444
   -0.02182189
    0.12766946
    0.00741342
   -0.01707496
   -0.00908215
    0.01521483
   -0.07883017
   -0.02618262
   -0.22693262
    0.12240686
   -0.01806873
   -0.07108554
   -0.00577172
    0.14031320
   -0.19373652
    0.00070995
   -0.22761614
    0.00050812
   -0.01277940
    0.12196206
   -0.01606172
    0.00044558
   -0.02887477
   -0.00014721
    0.02513840
   -0.00267240
   -0.05546380
   -0.00260500
    0.11306052
    0.00214046
   -0.02954421
    0.12380911
   -0.00237291
    0.09258486
   -0.00625885
   -0.08206676
   -0.01185589
    0.10628781
   -0.03233055
   -0.00890782
   -0.01623889
   -0.00171115
    0.12715450
   -0.03519587
   -0.00481655
   -0.01766032
   -0.01900041
    0.00800724
   -0.07421352
    0.12346419
   -0.00079496
   -0.00098333
    0.13329205
   -0.02263500
    0.00293761
   -0.23383488
    0.08966387
    0.00676131
   -0.01175469
   -0.00320323
   -0.06644546
    0.00231503
   -0.03084278
    0.00029615
   -0.23107311
   -0.01159978
    0.00508509
   -0.19929542
   -0.00256398
    0.00252752
    0.04428456
    0.03720891
    0.03111308
    0.03812019
    0.07012948
    0.05531218
    0.07141912
    0.06732504
    0.06575996
    0.04653892
    0.05316325
    0.05068440
    0.04707048
    0.04173870
    0.04094199
    0.03932722
    0.05570983
    0.04291033
    0.04307362
   -0.20542949
   -0.08287023
   -0.04778611
   -0.21094052
    0.03673984
    0.03614635
    0.02802449
    0.03332408
    0.04062997
