           1           7   1.66200799169224     
           3           7   1.13718223323635     
           1           8   1.17416985145867     
           2           9   1.60770609257068     
           5           9   1.22331754405406     
           2          10   1.23872080362072     
           3          10   1.25684268835353     
           6          10   1.24605240614841     
           3          11   1.36714050504054     
           4          17   1.12536578994171     
          12          17   1.61119144000528     
           4          18   1.02580754187614     
           5          18   1.31278078778804     
          13          18   1.26165917529477     
           5          19   1.21558002932145     
           6          19   1.28119651073647     
          14          19   1.23459479994652     
           6          20   1.21989856736855     
          12          21   1.21452141739770     
          13          21   1.28924199065049     
          13          22   1.18802111808423     
          14          22   1.30819127079191     
          15          22   1.22421924914912     
          14          23   1.20319635115011     
          15          24   1.24197916752983     
          16          24   1.44412376160592     
          15          25   1.25916333668898     
          16          26   1.29025305375800     
           8          28   1.49054414125239     
           8          30  0.983060942910903     
          11          33   1.31670442227160     
          20          33   1.26142463122121     
          27          37   1.69293626704743     
          29          37   1.13743446760485     
          28          38   1.14916609180942     
          29          38   1.46068941543343     
          31          38   1.11626954162378     
          29          39   1.07593563296456     
          32          39   1.01709060582035     
          30          40   1.01860511742474     
          31          40   1.40757966083810     
          34          40   1.22988135591213     
          31          41   1.20445245305149     
          32          41   1.26364464770518     
          35          41   1.25657314918821     
          32          42   1.40624005306662     
          36          42   1.34131191901156     
          20          43   1.25501428151158     
          23          43   1.23233583592970     
          23          52   1.31180687683285     
          25          52   1.18594701453162     
          25          59   1.26966358275240     
          26          59   1.33529374962522     
          26          66   1.17259847086234     
          33          72   1.17723043788192     
          34          72   1.24115472943364     
          46          72   1.28062265780397     
          47          73   1.05504948913667     
          66          73   1.51265507379478     
          68          73   1.17517923185231     
          67          74   1.23746048720753     
          69          74   1.60040732005647     
          34          75   1.22574293573154     
          35          75   1.26031125243280     
          48          75   1.25439926225035     
          49          76   1.13138134220456     
          68          76   1.42548306717829     
          70          76   1.13356676105368     
          35          77   1.23197473442163     
          36          77   1.20327837367958     
          50          77   1.30306179183346     
          51          78   1.13011589483526     
          70          78   1.42357107458768     
          71          78   1.17700622817991     
          36          79   1.22171866432871     
          44          79   1.51454815029188     
          45          80   1.04485981813365     
          67          80   1.26327121357684     
          71          80   1.32831174207588     
          43          81   1.24442784072288     
          46          81   1.23554026006848     
          54          81   1.25610571901489     
          46          82   1.22755742514603     
          48          82   1.25904326791326     
          56          82   1.25139209347725     
          47          83   1.04131556394585     
          49          83   1.30046286444581     
          57          83   1.38900814923906     
          48          84   1.22600671690875     
          50          84   1.30440321326821     
          58          84   1.17431622721555     
          49          85   1.30694014521719     
          51          85   1.09934332642782     
          44          86   1.02697600734626     
          50          86   1.02270785633285     
          45          87   1.11425613613343     
          51          87   1.56623169757489     
          52          88   1.19294821130999     
          54          88   1.23743845820223     
          61          88   1.32899665827967     
          53          89   1.33624976520329     
          55          89   1.09109920553986     
          62          89   1.33018298516176     
          54          90   1.24370252459546     
          56          90   1.25457122984516     
          63          90   1.24426630330127     
          55          91   1.15698258034539     
          64          91   1.68008173670300     
          56          92   1.22583693563691     
          58          92   1.32349338543825     
          65          92   1.20222636844397     
          57          93   1.41507203891819     
          53          94   1.33122481481385     
          58          94   1.19086763924948     
          60          94   1.23919154667693     
          59          95   1.01922684946779     
          68          95   1.02230904823209     
          60          96   1.25692069349634     
          62          96   1.25212628614189     
          69          96   1.23866679834741     
          61          97   1.33925914964880     
          63          97   1.25823634894525     
          70          97   1.16045437896997     
          62          98   1.05262222640851     
          64          98   1.09931881209061     
          63          99   1.23062873448413     
          65          99   1.27759497396442     
          71          99   1.23304485652428     
          60         100   1.24604785257706     
          65         100   1.25760150437385     
          67         100   1.24396489581163     
           1         101  0.961789988883505     
           2         102  0.964671270431028     
           7         103  0.960811834367763     
           9         104  0.967903962734386     
          12         105  0.964421159678083     
          16         106  0.965379985439166     
          17         107  0.957886223420179     
          27         108  0.957193604358917     
          37         109  0.965419154949710     
          42         110  0.966123981843348     
          57         111  0.967279845515950     
          64         112  0.959257840256293     
          66         113  0.966556708412471     
          69         114  0.967750434912543     
          74         115  0.967738264426437     
          79         116  0.965629690265013     
          87         117  0.953321497580662     
          91         118  0.964341433963570     
          93         119  0.970022991048529     
          21         120   1.10817231844535     
          24         120   1.02270515037925     
          44         121   1.19164608306589     
          55         121   1.52864008586567     
          85         122   1.36823534374102     
          93         122   1.45711081040617     
          27         123   1.10800481272420     
          28         123   1.00877004396755     
         121         124  0.961366090576632     
         122         125  0.965145572797377     
          61         126  0.965527533168607     
          11         127  0.965486031557991     
          53         128  0.965265081787414     
