   -0.03486765
   -0.03206297
    0.00549780
    0.00602702
    0.00509335
   -0.03250613
    0.00497406
   -0.02794617
    0.00654461
    0.00016291
   -0.02528074
    0.01120739
    0.00403843
    0.00607225
   -0.03683849
   -0.03587164
   -0.00346110
    0.00347076
    0.00216629
    0.00134810
    0.00352804
    0.00247979
   -0.00021805
    0.01024461
   -0.03517857
   -0.00546995
   -0.00160432
    0.00195561
    0.00002962
    0.00517543
    0.00027107
    0.00102788
    0.00504274
    0.01190758
   -0.02161623
    0.01195542
    0.00085252
    0.00532719
   -0.04016316
    0.00245505
    0.00848807
   -0.03255164
    0.00124973
   -0.03950413
    0.00293673
    0.00901254
    0.00467175
   -0.00125883
    0.00361045
    0.00168021
    0.00405640
   -0.00124312
   -0.02816950
    0.00296406
    0.00460285
    0.00333063
    0.00268886
    0.00496744
    0.00141515
   -0.02890435
   -0.00021306
   -0.03902681
   -0.00375225
   -0.04055899
    0.00412787
    0.00170652
    0.00003135
    0.01308437
    0.00172725
    0.00088137
    0.00224377
    0.00249706
   -0.03710455
    0.00743277
    0.00039567
    0.00040076
    0.01463143
    0.00158349
   -0.00149942
    0.00686816
   -0.03211558
    0.00061776
    0.00746394
   -0.00037770
   -0.03110919
    0.00018499
   -0.03141838
    0.00028613
    0.00047473
    0.01291838
    0.00009206
   -0.03456497
    0.00083962
    0.00561252
    0.05442348
    0.03695947
    0.05392090
    0.05594223
    0.03750074
    0.04137179
    0.04453117
    0.04307052
    0.04749175
    0.04634540
    0.03896829
    0.05426507
    0.04066377
    0.06161260
    0.03664148
    0.03440705
    0.05316717
    0.03732988
    0.03794767
    0.04356712
    0.05684311
    0.04404367
    0.05762352
    0.04265097
    0.04485560
    0.03919587
    0.04595208
    0.05135617
   -0.11898979
   -0.09729415
   -0.03719744
   -0.04577031
   -0.09661390
   -0.08723330
   -0.11698457
   -0.05424002
   -0.07984851
   -0.09265132
