           1           6   1.60476539717202     
           3           6   1.24066876012818     
           1           7   1.22614490539411     
           2           8   1.67398424463623     
           4           8   1.16411852839709     
           2           9   1.14459042263525     
           3           9   1.23799859771846     
           5           9   1.35798364325694     
           3          10   1.25801769669910     
          11          16   1.74776260546702     
           4          17   1.55295641937988     
          12          17   1.09366216050046     
           5          18   1.26875546179794     
          11          19   1.14825951352041     
          12          19   1.53811921287297     
          12          20   1.10294306724536     
          13          20   1.38630026445616     
          14          20   1.20761729857526     
          13          21   1.26117986100260     
          14          22   1.25697907736053     
          15          22   1.45521625111354     
          14          23   1.25570704112488     
          15          24   1.32996347969700     
           7          26   1.30651674122598     
           7          28   1.23860945083985     
          10          28   1.26722701195836     
          10          31   1.22232087226993     
          18          31   1.25742205671341     
          25          35   1.63786496558265     
          27          35   1.24542985879638     
          26          36   1.28462584686297     
          27          36   1.29158446804048     
          29          36   1.16592565041643     
          28          37   1.22543403412876     
          29          37   1.33069902514349     
          32          37   1.19222054935617     
          29          38   1.20864993573065     
          30          38   1.25636786679938     
          33          38   1.25364183760046     
          30          39   1.47634581296014     
          34          39   1.29265797816132     
          18          40   1.20263450588556     
          21          40   1.21211078613651     
          21          48   1.24829916438744     
          23          48   1.24701588696420     
          23          55   1.23387582036634     
          24          55   1.20403150618909     
          24          62   1.21560285067061     
          31          67   1.25392076724057     
          32          67   1.22029740688712     
          43          67   1.26039759221329     
          44          68   1.20648675166514     
          62          68   1.52774421957676     
          32          69   1.33489925669413     
          33          69   1.19695144162515     
          45          69   1.17803932628422     
          46          70   1.29354764023203     
          65          70   1.32068605728766     
          33          71   1.28729525761517     
          34          71   1.32585129236489     
          47          72   1.26017739895745     
          65          72   1.24772523019745     
          66          72   1.23265474416870     
          34          73   1.16421526144574     
          41          73   1.56770196333631     
          42          74   1.21887198692051     
          63          74   1.30120528875173     
          66          74   1.24768373261144     
          40          75   1.29425828830259     
          43          75   1.23161429918429     
          50          75   1.21903125680128     
          43          76   1.24654056581170     
          45          76   1.24248168304594     
          52          76   1.24823615494633     
          44          77   1.53615730591650     
          46          77   1.08714737234397     
          53          77   1.15074096603848     
          45          78   1.31315440402590     
          54          78   1.30522037341574     
          46          79   1.36423532178748     
          47          79   1.28630952478068     
          41          80   1.18667374218708     
          49          80   1.46766941576712     
          42          81   1.62455634336936     
          47          81   1.22025715564938     
          48          82   1.24273380092068     
          50          82   1.25811142586916     
          57          82   1.23279041700462     
          49          83   1.11621183950934     
          51          83   1.31863737471298     
          58          83   1.31083192981719     
          50          84   1.26345178336919     
          52          84   1.23874475198419     
          59          84   1.22948781004648     
          51          85   1.41881123751590     
          60          85   1.41556145192173     
          52          86   1.25483160237080     
          54          86   1.25877326093207     
          61          86   1.22033708562628     
          53          87   1.73548273725147     
          49          88   1.12215347464688     
          54          88   1.16028995362741     
          56          88   1.44060815995442     
          55          89   1.29387873882265     
          57          89   1.29414896547782     
          56          90   1.11096895894669     
          58          90   1.07821456196780     
          64          90   1.63495984890096     
          57          91   1.20670404069311     
          59          91   1.31853066615275     
          65          91   1.17243882546132     
          58          92   1.37362241436795     
          60          92   1.45338132132352     
          59          93   1.20184924089080     
          61          93   1.28150570071796     
          66          93   1.26085693125565     
          56          94   1.17023515560088     
          61          94   1.22976605184674     
          63          94   1.34821885705493     
           1          95  0.935879217396078     
           2          96  0.960831940193735     
           6          99  0.960218738508497     
           8         100  0.940325814504180     
          11         101  0.950258372718059     
          15         102  0.959498513405708     
          16         103  0.949233640610073     
          25         104  0.950329189431639     
          35         105  0.949144546830433     
          39         107  0.956781407556637     
          42         108  0.936081580845652     
          44         109  0.956287239230771     
          53         110  0.958783595497444     
          60         112  0.968713721426432     
          62         113  0.957371812243907     
          64         114  0.945356154314240     
          73         116  0.956024591378857     
          81         117  0.935018575043129     
          85         118  0.959699155776415     
          87         119  0.950398785828119     
          92         120  0.963497466698664     
          63         123   1.03809391424139     
          64         123   1.10956216427946     
         115         123  0.906698964961683     
          79         124   1.03772160301272     
          87         124   1.09863649470899     
         111         124  0.916337343225872     
          68         125   1.01511928039372     
          70         125   1.03193608685215     
          89         125   1.05536310843584     
          71         126   1.05006827349689     
          78         126   1.04266608421682     
          80         126   1.00846801139699     
          41         127   1.02468375212585     
          51         127   1.03470724519004     
         122         127  0.926270387475101     
          27         128   1.07515455391094     
          30         128   1.03309923777538     
         106         128  0.925962114460097     
          19         129   1.03179641614535     
          22         129   1.03379432958951     
         121         129  0.931566867873349     
           4         130   1.00439658022530     
           5         130   1.04179571940712     
          13         130   1.03787008580274     
          16         131   1.07525566608076     
          17         131   1.02970171719279     
          97         131  0.922274554945224     
          25         132   1.10907419054797     
          26         132   1.05478207410384     
          98         132  0.898802285151100     
