   -0.02714472
   -0.04510676
   -0.11016978
   -0.07339403
    0.00773346
   -0.03454982
   -0.03195673
   -0.03542203
    0.01061601
   -0.07239674
    0.00489404
    0.00843474
    0.01974255
   -0.00587233
   -0.02218080
   -0.07419167
   -0.02631536
    0.00810933
    0.00098839
    0.00395343
    0.01026055
    0.00275239
   -0.02736194
   -0.06842734
    0.00640461
   -0.11683115
    0.00784438
   -0.00214368
   -0.02316101
   -0.07793677
   -0.01821869
   -0.02616177
   -0.00027721
    0.01272590
   -0.06056617
   -0.00003277
   -0.07071824
    0.01141669
   -0.03993166
   -0.08239427
   -0.07671893
    0.00598795
   -0.02990077
   -0.02557340
    0.00183963
   -0.02527795
   -0.00956581
    0.00210727
    0.00411605
    0.01820404
    0.05175645
    0.03347463
    0.04419398
    0.02870145
    0.01293106
    0.03495326
    0.03514042
    0.03994690
    0.01677496
    0.02503520
    0.02011102
    0.03505971
    0.03263404
    0.03181579
    0.02073211
    0.26367551
    0.21124797
   -0.10983649
    0.20776150
   -0.11128835
    0.17605001
    0.20687830
   -0.11598057
