           1           3   1.73901634090242     
           1           5   1.14229078709266     
           2           7   1.60377864112184     
           2          13   1.16948011013150     
           4          13   1.29595840547858     
           4          18   1.32175240130533     
           5          18   1.17637763038732     
           5          23   1.48823099511742     
           6          29   1.51483717171671     
           9          29   1.28056373599907     
          23          30   1.27247513072862     
          25          30   1.13214366305464     
           6          31   1.36412516383788     
          10          31   1.42244175616819     
          11          32   1.25221439175394     
          25          32   1.26650076971124     
          27          32   1.22358356369420     
          12          33   1.31704398819366     
          27          33   1.19050101577432     
          28          33   1.24501894221842     
           8          34   1.25930085493311     
          24          34   1.27210491588812     
          28          34   1.24455162635175     
           7          35   1.25842283190889     
           9          35   1.27045294458788     
           9          36   1.22129278421377     
          10          36   1.28282062241364     
          14          36   1.21199598164217     
          11          37   1.15976521673095     
          15          37   1.32769562176168     
          11          38   1.25710312643447     
          12          38   1.13997605448301     
          17          38   1.38020467852455     
           8          39   1.56242102593657     
          12          39   1.28204725412481     
          13          40   1.29633713566286     
          20          40   1.29013855916791     
          14          41   1.30624770137450     
          21          41   1.30361480986999     
          14          42   1.21569125640346     
          16          42   1.28544719487691     
          22          42   1.23683328415391     
          15          43   1.47206793359555     
          17          43   1.40720115699972     
          16          44   1.36640097176114     
          19          44   1.40822866080286     
          18          45   1.23845305230911     
          20          45   1.24454002408774     
          25          45   1.25061878652198     
          19          46   1.16409415067659     
          26          46   1.70499610435077     
          20          47   1.20502215047968     
          21          47   1.19966664162564     
          27          47   1.32137141089484     
          21          48   1.21966088793021     
          22          48   1.27359689311854     
          28          48   1.25269868748697     
          19          49   1.20808521312077     
          22          49   1.22736833728554     
          24          49   1.32232983176106     
           1          50  0.963962323184497     
           8          51  0.957895671764153     
          15          52  0.969903384032070     
          17          53  0.956905053295747     
          23          54  0.965785021356532     
          26          55  0.972821437079860     
          39          56  0.956257676957149     
          43          57  0.969396672076197     
           2          58  0.961443095803352     
           3          59  0.972362350811204     
           6          60  0.969353568420106     
           7          61  0.958121945956623     
          29          62  0.961630802032617     
          31          63  0.969567990713577     
          44          64  0.965236024041346     
          46          65  0.964512701545858     
          30          66   1.40282399958508     
          37          66   1.31725973122147     
           3          67   1.09233306575691     
           4          67   1.06616836212702     
          67          68  0.962360004972048     
          10          69   1.06905114876774     
          16          69   1.07611028060457     
          69          70  0.968468788099464     
          35          71   1.07155434442169     
          40          71   1.09527449763171     
          41          71   1.07703919173027     
          24          72   1.04194624392115     
          26          72   1.12404632839703     
          72          73  0.959730294350837     
